# Digitized by GSYS2.4.7
# Date =  5.May.2015,  11:12:16
# Number of data = 102
# set xrange[40.0, 140.0]
# set yrange[2000.0, 12000.0] 
# MD5Fig : 371df1021981a2e8195e2ef9554a5627
# Axis_X : 3fcc32eac8d6fbc23fec55e6c66437e73fecf3454dca402d3fec4afe4bacd35a
# Axis_Y : 3fc3729043e3b6743fe7ece9293f10053fc34362c36332c53faeae0822cab1f0
#    x          y    
  3.316E+01  2.267E+02
  3.622E+01  2.261E+02
  3.849E+01  1.883E+02
  4.038E+01  1.879E+02
  4.304E+01  1.874E+02
  4.519E+01  2.057E+02
  4.805E+01  2.800E+02
  4.851E+01  4.296E+02
  4.981E+01  4.980E+02
  5.066E+01  5.477E+02
  5.209E+01  8.656E+02
  5.274E+01  7.282E+02
  5.371E+01  5.222E+02
  5.423E+01  4.347E+02
  5.670E+01  5.964E+02
  5.794E+01  8.956E+02
  5.874E+01  1.594E+03
  5.907E+01  1.968E+03
  5.947E+01  2.417E+03
  5.967E+01  2.729E+03
  6.001E+01  3.478E+03
  6.028E+01  3.796E+03
  6.087E+01  4.045E+03
  6.132E+01  3.845E+03
  6.183E+01  3.427E+03
  6.184E+01  3.652E+03
  6.189E+01  3.253E+03
  6.221E+01  2.984E+03
  6.246E+01  2.579E+03
  6.253E+01  2.772E+03
  6.285E+01  2.516E+03
  6.304E+01  2.392E+03
  6.375E+01  2.198E+03
  6.493E+01  2.229E+03
  6.544E+01  2.042E+03
  6.615E+01  1.780E+03
  6.666E+01  1.474E+03
  6.763E+01  1.137E+03
  6.860E+01  8.936E+02
  6.971E+01  8.809E+02
  7.204E+01  7.245E+02
  7.438E+01  6.991E+02
  7.464E+01  7.739E+02
  7.647E+01  9.295E+02
  7.751E+01  1.023E+03
  7.849E+01  1.384E+03
  7.975E+01  2.607E+03
  8.053E+01  5.676E+03
  8.172E+01  9.686E+03
  8.286E+01  1.135E+04
  8.387E+01  9.985E+03
  8.460E+01  7.309E+03
  8.579E+01  5.188E+03
  8.680E+01  3.828E+03
  8.743E+01  3.129E+03
  8.866E+01  2.586E+03
  8.976E+01  2.355E+03
  9.060E+01  2.062E+03
  9.183E+01  1.881E+03
  9.267E+01  1.737E+03
  9.371E+01  1.712E+03
  9.462E+01  1.662E+03
  9.566E+01  1.556E+03
  9.682E+01  1.493E+03
  9.767E+01  1.362E+03
  9.974E+01  1.218E+03
  1.007E+02  1.193E+03
  1.018E+02  1.105E+03
  1.027E+02  1.087E+03
  1.036E+02  1.099E+03
  1.045E+02  9.926E+02
  1.056E+02  9.612E+02
  1.064E+02  9.673E+02
  1.086E+02  8.858E+02
  1.096E+02  7.983E+02
  1.103E+02  8.668E+02
  1.114E+02  7.979E+02
  1.125E+02  7.478E+02
  1.140E+02  7.600E+02
  1.151E+02  7.723E+02
  1.164E+02  7.096E+02
  1.177E+02  6.907E+02
  1.185E+02  6.406E+02
  1.201E+02  6.465E+02
  1.212E+02  6.526E+02
  1.227E+02  6.585E+02
  1.236E+02  6.022E+02
  1.246E+02  6.082E+02
  1.266E+02  6.016E+02
  1.279E+02  5.764E+02
  1.286E+02  5.513E+02
  1.295E+02  5.200E+02
  1.305E+02  5.697E+02
  1.324E+02  5.568E+02
  1.346E+02  5.564E+02
  1.364E+02  4.874E+02
  1.373E+02  5.559E+02
  1.404E+02  4.804E+02
  1.428E+02  5.049E+02
  1.437E+02  4.299E+02
  1.461E+02  4.731E+02
  1.484E+02  4.165E+02
