# Digitized by GSYS2.4.7
# Date =  5.May.2015,  11:4:2
# Number of data = 152
# set xrange[1.0, 8.0]
# set yrange[1.0, 1000.0] 
# Set Logscale y
# MD5Fig : 1df1cfa541b487413f6f736e8d5e052f
# Axis_X : 3fd065f34197cd063febe82fa0be82fa3feef820fbe083f63febe82fa0be82fa
# Axis_Y : 3fc3958d4e5635393fea287bd52287bd3fc3958d4e5635393fd43dea913e5d43
#    x          y    
  2.584E-01  5.326E+01
  2.780E-01  1.424E+02
  3.132E-01  1.461E+02
  3.562E-01  1.436E+02
  3.797E-01  1.387E+02
  4.070E-01  1.097E+02
  4.461E-01  1.145E+02
  4.657E-01  1.145E+02
  5.126E-01  8.976E+01
  5.439E-01  1.186E+02
  5.791E-01  8.447E+01
  6.221E-01  8.746E+01
  6.573E-01  9.295E+01
  7.003E-01  9.709E+01
  7.550E-01  1.078E+02
  7.824E-01  8.447E+01
  8.176E-01  8.301E+01
  8.372E-01  1.005E+02
  9.427E-01  9.966E+01
  1.029E+00  1.106E+02
  1.119E+00  1.436E+02
  1.162E+00  1.399E+02
  1.248E+00  1.594E+02
  1.334E+00  1.739E+02
  1.373E+00  1.947E+02
  1.420E+00  2.125E+02
  1.471E+00  2.161E+02
  1.502E+00  2.574E+02
  1.577E+00  2.759E+02
  1.584E+00  3.490E+02
  1.616E+00  4.299E+02
  1.647E+00  5.437E+02
  1.670E+00  6.250E+02
  1.705E+00  6.997E+02
  1.709E+00  7.769E+02
  1.724E+00  8.851E+02
  1.763E+00  8.775E+02
  1.798E+00  7.569E+02
  1.834E+00  5.679E+02
  1.857E+00  4.857E+02
  1.861E+00  3.907E+02
  1.892E+00  2.507E+02
  1.916E+00  2.199E+02
  1.931E+00  1.694E+02
  1.947E+00  1.328E+02
  1.967E+00  9.966E+01
  2.002E+00  7.879E+01
  2.025E+00  6.284E+01
  2.068E+00  7.222E+01
  2.096E+00  5.710E+01
  2.139E+00  6.449E+01
  2.193E+00  6.794E+01
  2.244E+00  7.035E+01
  2.287E+00  4.514E+01
  2.322E+00  7.543E+01
  2.369E+00  7.348E+01
  2.405E+00  6.678E+01
  2.471E+00  7.675E+01
  2.534E+00  8.670E+01
  2.581E+00  1.005E+02
  2.627E+00  1.106E+02
  2.674E+00  1.228E+02
  2.717E+00  1.387E+02
  2.745E+00  1.474E+02
  2.823E+00  1.424E+02
  2.862E+00  1.387E+02
  2.917E+00  1.375E+02
  2.944E+00  1.636E+02
  2.975E+00  1.833E+02
  3.058E+00  2.106E+02
  3.105E+00  2.199E+02
  3.194E+00  2.257E+02
  3.249E+00  1.931E+02
  3.296E+00  1.594E+02
  3.355E+00  1.424E+02
  3.386E+00  1.176E+02
  3.406E+00  1.050E+02
  3.429E+00  8.158E+01
  3.472E+00  7.286E+01
  3.527E+00  5.912E+01
  3.570E+00  4.674E+01
  3.605E+00  3.962E+01
  3.668E+00  3.538E+01
  3.730E+00  3.105E+01
  3.750E+00  2.725E+01
  3.828E+00  2.393E+01
  3.863E+00  2.173E+01
  3.945E+00  2.797E+01
  4.004E+00  3.159E+01
  4.098E+00  3.187E+01
  4.172E+00  3.215E+01
  4.258E+00  2.896E+01
  4.332E+00  2.702E+01
  4.450E+00  2.192E+01
  4.524E+00  1.826E+01
  4.602E+00  1.602E+01
  4.684E+00  1.992E+01
  4.813E+00  2.331E+01
  4.927E+00  2.173E+01
  4.993E+00  1.923E+01
  5.110E+00  1.443E+01
  5.193E+00  1.267E+01
  5.318E+00  7.716E+00
  5.384E+00  1.122E+01
  5.427E+00  2.057E+00
  5.466E+00  8.202E+00
  5.521E+00  8.947E+00
  5.588E+00  1.443E+01
  5.638E+00  6.832E+00
  5.681E+00  4.271E+00
  5.709E+00  9.104E+00
  5.775E+00  3.376E+00
  5.799E+00  1.122E+01
  5.838E+00  4.658E+00
  5.846E+00  8.273E+00
  5.904E+00  4.951E+00
  5.924E+00  6.485E+00
  5.982E+00  4.125E+00
  6.002E+00  6.952E+00
  6.061E+00  8.273E+00
  6.096E+00  3.619E+00
  6.198E+00  4.461E+00
  6.221E+00  8.060E+00
  6.256E+00  9.677E+00
  6.291E+00  5.740E+00
  6.327E+00  5.126E+00
  6.389E+00  7.784E+00
  6.413E+00  3.347E+00
  6.436E+00  1.007E+00
  6.534E+00  6.101E+00
  6.608E+00  1.968E+00
  6.639E+00  9.104E+00
  6.722E+00  2.129E+00
  6.757E+00  8.060E+00
  6.874E+00  1.968E+00
  6.917E+00  4.618E+00
  6.917E+00  1.016E+00
  6.976E+00  4.823E+00
  7.015E+00  2.002E+00
  7.058E+00  3.948E+00
  7.097E+00  9.813E-01
  7.120E+00  4.782E+00
  7.156E+00  9.985E-01
  7.187E+00  6.372E+00
  7.218E+00  4.538E+00
  7.288E+00  3.436E+00
  7.371E+00  5.740E+00
  7.414E+00  2.362E+00
  7.453E+00  4.271E+00
  7.461E+00  6.714E+00
  7.550E+00  5.262E+00
  7.578E+00  9.985E-01
