# Digitized by GSYS2.4.7
# Date =  5.May.2015,  11:33:16
# Number of data = 105
# set xrange[40.0, 140.0]
# set yrange[1000.0, 5000.0] 
# MD5Fig : 215f1494b69bc412138ba6026e755024
# Axis_X : 3fc9b5cec88a19b63fed5185016e1f773fece0c7ce0c7ce13fed1e0894bcc839
# Axis_Y : 3fc0872980eb10873fe87ddad0cdf1b33fbf92e876e4c5843fc3938489cac000
#    x          y    
  3.127E+01  3.244E+02
  3.279E+01  2.554E+02
  3.443E+01  2.730E+02
  3.554E+01  2.223E+02
  3.789E+01  2.123E+02
  4.004E+01  2.068E+02
  4.290E+01  2.102E+02
  4.464E+01  2.095E+02
  4.567E+01  2.410E+02
  4.710E+01  2.495E+02
  4.936E+01  2.760E+02
  5.253E+01  2.610E+02
  5.478E+01  2.829E+02
  5.715E+01  3.640E+02
  5.891E+01  4.818E+02
  5.995E+01  5.635E+02
  6.102E+01  7.911E+02
  6.116E+01  9.690E+02
  6.120E+01  1.165E+03
  6.154E+01  1.306E+03
  6.265E+01  1.748E+03
  6.269E+01  1.940E+03
  6.316E+01  2.245E+03
  6.391E+01  2.391E+03
  6.448E+01  2.195E+03
  6.475E+01  2.035E+03
  6.494E+01  1.934E+03
  6.615E+01  1.387E+03
  6.653E+01  1.208E+03
  6.720E+01  1.008E+03
  6.870E+01  8.655E+02
  6.980E+01  7.465E+02
  7.194E+01  7.000E+02
  7.275E+01  6.358E+02
  7.366E+01  6.217E+02
  7.489E+01  6.121E+02
  7.582E+01  6.802E+02
  7.666E+01  7.756E+02
  7.699E+01  8.895E+02
  7.784E+01  1.035E+03
  7.799E+01  1.277E+03
  7.869E+01  1.673E+03
  7.918E+01  2.070E+03
  7.924E+01  1.860E+03
  7.933E+01  2.302E+03
  7.959E+01  2.567E+03
  7.994E+01  2.804E+03
  8.010E+01  3.050E+03
  8.017E+01  3.433E+03
  8.037E+01  3.876E+03
  8.066E+01  4.291E+03
  8.104E+01  4.678E+03
  8.109E+01  4.911E+03
  8.125E+01  5.198E+03
  8.180E+01  5.344E+03
  8.247E+01  5.161E+03
  8.269E+01  4.700E+03
  8.273E+01  4.919E+03
  8.334E+01  4.408E+03
  8.346E+01  3.979E+03
  8.379E+01  3.605E+03
  8.382E+01  3.254E+03
  8.429E+01  3.062E+03
  8.485E+01  2.779E+03
  8.507E+01  2.364E+03
  8.592E+01  2.049E+03
  8.609E+01  1.875E+03
  8.688E+01  1.747E+03
  8.864E+01  1.368E+03
  9.018E+01  1.381E+03
  9.160E+01  1.335E+03
  9.251E+01  1.257E+03
  9.372E+01  1.193E+03
  9.534E+01  1.110E+03
  9.634E+01  1.014E+03
  9.857E+01  9.171E+02
  1.015E+02  8.156E+02
  1.032E+02  7.510E+02
  1.052E+02  7.000E+02
  1.077E+02  6.625E+02
  1.102E+02  6.068E+02
  1.131E+02  5.782E+02
  1.151E+02  5.363E+02
  1.173E+02  5.445E+02
  1.192E+02  6.396E+02
  1.204E+02  7.759E+02
  1.213E+02  9.808E+02
  1.231E+02  9.891E+02
  1.234E+02  9.662E+02
  1.245E+02  8.517E+02
  1.259E+02  7.782E+02
  1.270E+02  6.318E+02
  1.296E+02  5.669E+02
  1.315E+02  5.296E+02
  1.336E+02  5.287E+02
  1.351E+02  4.825E+02
  1.365E+02  5.093E+02
  1.377E+02  4.723E+02
  1.395E+02  4.442E+02
  1.414E+02  4.525E+02
  1.422E+02  3.747E+02
  1.438E+02  3.968E+02
  1.454E+02  3.962E+02
  1.475E+02  3.953E+02
  1.498E+02  3.579E+02
