# Digitized by GSYS2.4.7
# Date =  5.May.2015,  11:41:39
# Number of data = 112
# set xrange[50.0, 150.0]
# set yrange[0.0, 4000.0] 
# MD5Fig : 7c9afff2bc7d21d3c7f53bdb8237b847
# Axis_X : 3fd0eef61d075cc43fec05dc6a55d25e3fea07fe513246423fec05dc6a55d25e
# Axis_Y : 3fc2ee8a6998ed473fec19f4b2577f0f3fc2ee8a6998ed473fd34f4b76f47e7a
#    x          y    
  3.043E+01  9.500E+01
  3.240E+01  7.429E+01
  3.371E+01  1.074E+02
  3.480E+01  9.086E+01
  3.710E+01  1.323E+02
  3.841E+01  3.286E+01
  3.917E+01  1.116E+02
  4.136E+01  1.323E+02
  4.333E+01  1.199E+02
  4.442E+01  1.944E+02
  4.639E+01  4.057E+02
  4.748E+01  6.128E+02
  4.824E+01  9.235E+02
  4.967E+01  9.070E+02
  5.087E+01  4.678E+02
  5.152E+01  4.140E+02
  5.251E+01  3.146E+02
  5.371E+01  2.400E+02
  5.469E+01  2.027E+02
  5.677E+01  1.406E+02
  5.797E+01  1.986E+02
  5.939E+01  2.607E+02
  6.038E+01  1.447E+02
  6.147E+01  1.696E+02
  6.289E+01  1.323E+02
  6.464E+01  4.720E+02
  6.529E+01  1.793E+03
  6.639E+01  4.167E+03
  6.748E+01  5.406E+03
  6.901E+01  4.466E+03
  6.977E+01  2.904E+03
  7.098E+01  1.653E+03
  7.163E+01  9.774E+02
  7.327E+01  8.780E+02
  7.491E+01  7.205E+02
  7.688E+01  6.335E+02
  7.786E+01  5.921E+02
  7.895E+01  5.093E+02
  8.027E+01  4.347E+02
  8.169E+01  3.850E+02
  8.234E+01  4.306E+02
  8.354E+01  4.720E+02
  8.497E+01  4.637E+02
  8.540E+01  3.767E+02
  8.726E+01  4.637E+02
  8.934E+01  4.181E+02
  9.152E+01  4.844E+02
  9.283E+01  3.726E+02
  9.426E+01  6.211E+02
  9.502E+01  1.011E+03
  9.600E+01  1.818E+03
  9.710E+01  2.572E+03
  9.797E+01  2.933E+03
  9.928E+01  3.028E+03
  1.005E+02  2.129E+03
  1.015E+02  1.682E+03
  1.027E+02  1.147E+03
  1.037E+02  1.085E+03
  1.043E+02  1.168E+03
  1.055E+02  9.898E+02
  1.063E+02  8.075E+02
  1.077E+02  8.945E+02
  1.084E+02  7.040E+02
  1.096E+02  7.371E+02
  1.105E+02  5.590E+02
  1.115E+02  6.211E+02
  1.127E+02  5.341E+02
  1.139E+02  4.513E+02
  1.155E+02  3.933E+02
  1.163E+02  5.673E+02
  1.176E+02  4.554E+02
  1.190E+02  3.891E+02
  1.200E+02  3.933E+02
  1.207E+02  2.856E+02
  1.220E+02  3.270E+02
  1.237E+02  3.684E+02
  1.246E+02  3.353E+02
  1.257E+02  2.276E+02
  1.262E+02  3.270E+02
  1.278E+02  2.856E+02
  1.292E+02  2.234E+02
  1.302E+02  2.897E+02
  1.313E+02  2.234E+02
  1.334E+02  2.897E+02
  1.346E+02  2.027E+02
  1.367E+02  3.021E+02
  1.375E+02  2.317E+02
  1.384E+02  1.779E+02
  1.396E+02  2.234E+02
  1.400E+02  2.648E+02
  1.414E+02  3.021E+02
  1.429E+02  2.193E+02
  1.443E+02  2.938E+02
  1.454E+02  2.441E+02
  1.464E+02  1.489E+02
  1.470E+02  2.938E+02
  1.482E+02  2.069E+02
  1.499E+02  2.441E+02
  1.516E+02  2.317E+02
  1.532E+02  2.483E+02
  1.537E+02  1.861E+02
  1.555E+02  2.648E+02
  1.562E+02  1.406E+02
  1.579E+02  1.903E+02
  1.602E+02  2.193E+02
  1.615E+02  2.193E+02
  1.622E+02  1.364E+02
  1.632E+02  1.861E+02
  1.652E+02  1.447E+02
  1.673E+02  1.944E+02
  1.689E+02  1.281E+02
  1.703E+02  1.157E+02
