# Digitized by GSYS2.4.2
# Date =  13.Sep.2017,  15:57:58
# Number of data = 141
# set xrange[0.0, 2.5]
# set yrange[0.0, 0.04] 
# MD5Fig : 857b44020d83836f4534ba5fa42a49c9
# Axis_X : 3fd87c0c67a3f6cc3fd6147ae147ae143fea5909444917e93fd6147ae147ae14
# Axis_Y : 3fd87c0c67a3f6cc3fd6147ae147ae143fd87c0c67a3f6cc3fc2702702702702
#   x       y  
 1.8462  0.0001
 0.0089  0.0001
 1.1480  0.0002
 1.1613  0.0002
 1.0882  0.0003
 1.1148  0.0003
 1.1303  0.0006
 0.9331  0.0006
 0.9730  0.0009
 1.0239  0.0009
 1.1636  0.0009
 0.9043  0.0011
 0.9486  0.0011
 0.9641  0.0011
 0.9929  0.0013
 1.1104  0.0013
 1.0217  0.0014
 1.0660  0.0015
 0.8666  0.0015
 0.8400  0.0016
 1.0084  0.0016
 0.9286  0.0017
 0.8843  0.0017
 1.0616  0.0018
 0.8134  0.0018
 1.0949  0.0019
 1.0527  0.0020
 0.8378  0.0020
 0.9131  0.0021
 0.8910  0.0022
 0.9441  0.0022
 0.8289  0.0022
 0.9840  0.0022
 1.0062  0.0023
 0.7425  0.0024
 0.8067  0.0024
 0.7624  0.0025
 1.0306  0.0025
 1.0483  0.0025
 0.7114  0.0025
 0.7757  0.0025
 0.7912  0.0026
 0.8710  0.0027
 0.8223  0.0028
 0.8777  0.0028
 0.7181  0.0029
 0.7225  0.0030
 0.6915  0.0031
 0.7824  0.0031
 0.5918  0.0032
 0.6605  0.0032
 0.7270  0.0035
 0.6316  0.0036
 0.6715  0.0036
 0.7513  0.0036
 0.5940  0.0043
 0.6250  0.0045
 0.5895  0.0045
 0.7004  0.0045
 0.6560  0.0046
 0.6139  0.0046
 0.5785  0.0047
 0.5386  0.0049
 0.6383  0.0052
 0.5098  0.0053
 0.5341  0.0053
 0.5452  0.0053
 0.5253  0.0055
 0.5563  0.0055
 0.5563  0.0059
 0.5762  0.0061
 0.4787  0.0063
 0.5142  0.0066
 0.4388  0.0068
 0.4455  0.0068
 0.5253  0.0070
 0.3546  0.0072
 0.3635  0.0072
 0.5053  0.0073
 0.4477  0.0073
 0.4366  0.0075
 0.4699  0.0077
 0.4233  0.0078
 0.4876  0.0078
 0.4078  0.0078
 0.3967  0.0081
 0.3657  0.0091
 0.3746  0.0093
 0.3723  0.0097
 0.3790  0.0099
 0.3524  0.0104
 0.3324  0.0110
 0.3812  0.0110
 0.3923  0.0111
 0.3214  0.0118
 0.3036  0.0118
 0.2837  0.0132
 0.2903  0.0132
 0.3236  0.0133
 0.3324  0.0134
 0.2815  0.0142
 0.2770  0.0144
 0.2948  0.0145
 0.3014  0.0145
 0.2527  0.0147
 0.2305  0.0153
 0.1906  0.0155
 0.2748  0.0157
 0.2637  0.0160
 0.2549  0.0167
 0.1729  0.0172
 0.2216  0.0172
 0.1973  0.0174
 0.1729  0.0182
 0.1441  0.0189
 0.1441  0.0198
 0.1352  0.0200
 0.1330  0.0209
 0.1263  0.0211
 0.1263  0.0228
 0.1152  0.0229
 0.0754  0.0242
 0.0953  0.0245
 0.1130  0.0255
 0.1042  0.0257
 0.0754  0.0267
 0.0554  0.0268
 0.0975  0.0268
 0.1064  0.0268
 0.0465  0.0269
 0.0643  0.0270
 0.0465  0.0275
 0.0377  0.0276
 0.0598  0.0291
 0.0665  0.0291
 0.0089  0.0292
 0.0177  0.0294
 0.0355  0.0298
 0.0266  0.0300
 0.0199  0.0362
 0.0266  0.0362
