# Digitized by GSYS2.4.2
# Date =  9.May.2017,  14:1:8
# Number of data = 167
# set xrange[0.0, 1.1]
# set yrange[0.0, 0.04] 
# MD5Fig : 2be84eb0715cddf4b32fbde74f507c4b
# Axis_X : 3fd4b54553bb92c23fd5f92c5f92c5f93fe8d286f815a64d3fd60f0e87d2567c
# Axis_Y : 3fd4b54553bb92c23fd5f92c5f92c5f93fd4cee17cf2e5173fc2cdc67600f9a9
#   x        y  
  0.9003  0.0001
  0.9108  0.0001
  0.9222  0.0001
  0.9279  0.0001
  0.8889  0.0003
  0.8813  0.0003
  0.9117  0.0003
  0.9193  0.0004
  0.9288  0.0004
  0.8508  0.0005
  0.8613  0.0005
  0.8727  0.0006
  0.8784  0.0006
  0.9478  0.0006
  0.8641  0.0007
  0.8907  0.0009
  0.8232  0.0009
  0.8385  0.0009
  0.9002  0.0010
  0.8118  0.0011
  0.8194  0.0012
  0.8498  0.0012
  0.8413  0.0013
  0.7899  0.0014
  0.7814  0.0015
  0.8089  0.0015
  0.7205  0.0016
  0.7994  0.0016
  0.7300  0.0016
  0.7918  0.0017
  0.7100  0.0020
  0.7195  0.0020
  0.7803  0.0021
  0.6805  0.0021
  0.7509  0.0021
  0.7594  0.0021
  0.6872  0.0022
  0.7727  0.0022
  0.7651  0.0023
  0.7309  0.0024
  0.7394  0.0025
  0.6786  0.0025
  0.6596  0.0025
  0.7498  0.0029
  0.7413  0.0030
  0.6186  0.0033
  0.6091  0.0033
  0.7089  0.0033
  0.7004  0.0034
  0.6899  0.0037
  0.6975  0.0038
  0.6376  0.0038
  0.6290  0.0038
  0.6195  0.0041
  0.6585  0.0041
  0.6271  0.0042
  0.6005  0.0042
  0.6090  0.0042
  0.6404  0.0042
  0.5700  0.0046
  0.5586  0.0046
  0.5795  0.0046
  0.5481  0.0046
  0.5976  0.0047
  0.5890  0.0048
  0.5595  0.0051
  0.5680  0.0052
  0.5803  0.0058
  0.5879  0.0059
  0.5309  0.0059
  0.5385  0.0060
  0.5204  0.0060
  0.5461  0.0061
  0.4985  0.0061
  0.5128  0.0061
  0.4881  0.0065
  0.4795  0.0065
  0.4899  0.0069
  0.4994  0.0069
  0.4585  0.0077
  0.4499  0.0077
  0.4774  0.0083
  0.4679  0.0083
  0.0010  0.0092
  0.0181  0.0092
  0.4355  0.0092
  0.4288  0.0093
  0.4488  0.0093
  0.4412  0.0094
  0.4602  0.0095
  0.4688  0.0095
  0.4088  0.0102
  0.4173  0.0102
  0.3289  0.0104
  0.3375  0.0104
  0.4059  0.0105
  0.4287  0.0105
  0.3983  0.0106
  0.4202  0.0106
  0.3279  0.0110
  0.3184  0.0111
  0.3498  0.0112
  0.3583  0.0112
  0.3174  0.0119
  0.3088  0.0119
  0.3782  0.0119
  0.3877  0.0119
  0.3383  0.0121
  0.3478  0.0122
  0.3972  0.0123
  0.3886  0.0123
  0.3772  0.0124
  0.3677  0.0124
  0.3591  0.0132
  0.2887  0.0133
  0.3068  0.0133
  0.3667  0.0133
  0.2876  0.0144
  0.2781  0.0146
  0.2780  0.0158
  0.2685  0.0158
  0.0193  0.0173
  0.0278  0.0174
  0.2683  0.0183
  0.2588  0.0183
  0.1455  0.0191
  0.1370  0.0192
  0.1892  0.0201
  0.1977  0.0201
  0.2091  0.0202
  0.2177  0.0202
  0.2195  0.0211
  0.2376  0.0211
  0.2385  0.0214
  0.2480  0.0214
  0.1994  0.0222
  0.2070  0.0222
  0.1281  0.0225
  0.1367  0.0225
  0.1880  0.0227
  0.1680  0.0228
  0.0805  0.0229
  0.0881  0.0229
  0.2498  0.0229
  0.2593  0.0229
  0.1594  0.0233
  0.1670  0.0233
  0.1565  0.0235
  0.1489  0.0236
  0.6195  0.0236
  0.1175  0.0240
  0.1080  0.0241
  0.1184  0.0248
  0.1279  0.0248
  0.0889  0.0253
  0.1069  0.0253
  0.0296  0.0283
  0.0391  0.0283
  0.0781  0.0283
  0.0705  0.0284
  0.0400  0.0294
  0.0485  0.0295
  0.0691  0.0332
  0.0596  0.0333
  0.0497  0.0371
  0.0592  0.0371
 -0.5883  0.0683
