# Digitized by GSYS2.4.2
# Date =  13.Sep.2017,  16:17:5
# Number of data = 109
# set xrange[0.0, 4.3]
# set yrange[0.0, 0.02] 
# MD5Fig : 7a7803c82f7ec9e37751e475fd5376b3
# Axis_X : 3fd41b9c5c6fa4c43fd600f9a9342cdc3fe8b5aae2095af63fd5fac596a1b6d9
# Axis_Y : 3fd41b9c5c6fa4c43fd600f9a9342cdc3fd415355221d02e3fc58bf258bf258c
#   x       y  
 3.2213  0.0000
 1.1190  0.0001
 1.1888  0.0001
 1.2621  0.0002
 1.1594  0.0002
 1.1264  0.0003
 1.2218  0.0003
 1.0897  0.0003
 0.8916  0.0005
 1.1118  0.0005
 1.2365  0.0005
 1.1008  0.0006
 0.0112  0.0010
 1.2293  0.0011
 1.1926  0.0012
 1.0165  0.0013
 1.0606  0.0016
 0.9065  0.0016
 0.8882  0.0016
 1.2844  0.0016
 1.1817  0.0018
 0.9653  0.0018
 1.2808  0.0019
 1.1671  0.0019
 1.0901  0.0022
 1.0020  0.0022
 1.2075  0.0023
 0.9397  0.0023
 0.8076  0.0024
 1.1268  0.0025
 0.8553  0.0025
 0.7049  0.0025
 0.9727  0.0026
 0.8700  0.0026
 0.9874  0.0027
 1.0168  0.0027
 1.2480  0.0028
 1.0755  0.0028
 0.8994  0.0029
 0.9215  0.0030
 0.8554  0.0030
 0.7490  0.0030
 0.8444  0.0032
 0.9288  0.0033
 0.7748  0.0037
 0.9620  0.0039
 0.5144  0.0040
 0.9437  0.0041
 0.7162  0.0041
 0.6685  0.0042
 0.6905  0.0042
 0.5805  0.0043
 0.5585  0.0044
 0.7127  0.0049
 0.7530  0.0050
 1.0099  0.0051
 0.6503  0.0051
 0.6137  0.0052
 0.6761  0.0054
 0.7935  0.0057
 0.5257  0.0058
 0.5955  0.0059
 0.6982  0.0059
 1.1678  0.0060
 0.4817  0.0060
 0.6212  0.0060
 0.4378  0.0063
 0.8340  0.0063
 1.0469  0.0070
 0.4563  0.0071
 0.4930  0.0072
 0.5444  0.0076
 0.4490  0.0078
 0.4675  0.0084
 0.4125  0.0085
 0.3905  0.0086
 0.4162  0.0088
 0.4272  0.0089
 0.3502  0.0090
 0.4016  0.0094
 0.1925  0.0095
 0.1744  0.0107
 0.0829  0.0117
 0.3324  0.0119
 0.2921  0.0122
 0.2004  0.0123
 0.1674  0.0126
 0.2628  0.0127
 0.1528  0.0128
 0.2335  0.0130
 0.2043  0.0135
 0.1749  0.0135
 0.2446  0.0135
 0.0832  0.0137
 0.0686  0.0139
 0.3218  0.0142
 0.2961  0.0143
 0.2265  0.0145
 0.2815  0.0145
 0.1494  0.0146
 0.1458  0.0148
 0.3000  0.0153
 0.2377  0.0160
 0.2782  0.0163
 0.3772  0.0164
 0.1277  0.0164
 0.0362  0.0171
 0.1243  0.0173
 0.0583  0.0179
