# Digitized by GSYS2.4.2
# Date =  9.May.2017,  14:32:36
# Number of data = 96
# set xrange[0.0, 3.5]
# set yrange[0.0, 0.03] 
# MD5Fig : 857b44020d83836f4534ba5fa42a49c9
# Axis_X : 3fd8827371f1cb613fe54d880bb3ee723feaaf77f2650a1b3fe54d880bb3ee72
# Axis_Y : 3fd8827371f1cb613fe54d880bb3ee723fd8827371f1cb613fde3b7cb402c0ee
#   x       y  
 2.4597  0.0001
 0.9099  0.0006
 0.9402  0.0007
 1.0464  0.0008
 0.8098  0.0011
 0.8826  0.0013
 0.8371  0.0013
 1.0069  0.0014
 0.7886  0.0014
 0.8977  0.0015
 1.0797  0.0016
 0.9675  0.0016
 0.8007  0.0017
 0.9766  0.0018
 0.9220  0.0019
 0.9948  0.0020
 0.7734  0.0021
 0.8583  0.0021
 0.7340  0.0024
 0.6885  0.0024
 0.8280  0.0025
 0.8917  0.0026
 0.7825  0.0027
 0.9614  0.0028
 0.9978  0.0028
 0.6945  0.0033
 1.0706  0.0034
 0.7158  0.0034
 0.6612  0.0035
 1.0312  0.0036
 0.6399  0.0037
 0.6672  0.0039
 0.5975  0.0040
 0.6066  0.0044
 0.6460  0.0045
 0.7218  0.0045
 0.5611  0.0052
 0.6278  0.0053
 0.6794  0.0054
 0.5338  0.0055
 0.5459  0.0060
 0.5126  0.0065
 0.4762  0.0066
 0.5611  0.0067
 0.4307  0.0068
 0.5884  0.0070
 0.3973  0.0071
 0.4398  0.0073
 0.4580  0.0073
 0.5065  0.0073
 0.5459  0.0074
 0.4974  0.0077
 0.5247  0.0080
 0.3943  0.0081
 0.3821  0.0083
 0.4094  0.0083
 0.4822  0.0086
 0.3609  0.0092
 0.2912  0.0095
 0.4276  0.0097
 0.3215  0.0111
 0.3427  0.0116
 0.3700  0.0117
 0.2123  0.0120
 0.2093  0.0126
 0.2366  0.0126
 0.2548  0.0128
 0.1971  0.0128
 0.2396  0.0133
 0.2244  0.0133
 0.3094  0.0141
 0.2184  0.0147
 0.2790  0.0154
 0.1880  0.0168
 0.2669  0.0172
 0.1880  0.0178
 0.1759  0.0180
 0.1425  0.0183
 0.1274  0.0188
 0.0516  0.0192
 0.0152  0.0194
 0.0303  0.0197
 0.1486  0.0198
 0.1729  0.0198
 0.1304  0.0199
 0.0243  0.0200
 0.1183  0.0201
 0.1638  0.0203
 0.0182  0.0210
 0.0394  0.0211
 0.1213  0.0213
 0.1122  0.0215
 0.0849  0.0220
 0.0667  0.0230
 0.1092  0.0232
 0.0971  0.0239
