# Digitized by GSYS2.4.2
# Date =  9.May.2017,  14:50:12
# Number of data = 121
# set xrange[0.0, 4.6]
# set yrange[0.0, 0.02] 
# MD5Fig : 7a7803c82f7ec9e37751e475fd5376b3
# Axis_X : 3fd3eecb144ed4af3fe55748a7bdaf0e3fe88f41868d748c3fe55b2f4c8e6280
# Axis_Y : 3fd3eecb144ed4af3fe55748a7bdaf0e3fd3f7ca726dba7f3fde2fc8274d007d
#   x        y  
  1.5924  0.0000
  1.6555  0.0001
  3.3859  0.0001
  1.3441  0.0001
  1.4348  0.0001
  1.7186  0.0001
  1.2258  0.0003
  1.4780  0.0005
  1.6554  0.0005
  1.7894  0.0005
  1.7618  0.0005
  1.4071  0.0005
  1.5017  0.0005
  1.6357  0.0006
  1.5529  0.0006
  1.5844  0.0006
  1.8091  0.0007
  1.0246  0.0008
  1.3991  0.0009
  1.4542  0.0009
  1.2926  0.0010
  1.2532  0.0010
  1.7617  0.0010
  1.6789  0.0011
  1.5251  0.0011
  1.3596  0.0011
  1.3872  0.0012
  1.0048  0.0013
  1.1624  0.0014
  1.4974  0.0015
  1.3752  0.0015
  1.5211  0.0016
  1.5447  0.0016
  1.0914  0.0017
  1.1347  0.0017
  1.7970  0.0017
  0.9022  0.0017
  1.2688  0.0017
  0.9731  0.0018
  1.2017  0.0018
  1.0282  0.0020
  1.3081  0.0020
  1.4421  0.0020
  0.9927  0.0021
  1.1504  0.0021
  1.1189  0.0021
  1.4697  0.0021
  0.8626  0.0023
  0.9572  0.0024
  1.3198  0.0025
  1.0754  0.0025
  1.1069  0.0025
  1.3513  0.0025
  0.9295  0.0026
  1.6311  0.0027
  1.1896  0.0028
  0.8901  0.0028
  1.0595  0.0028
  0.9097  0.0029
  0.8230  0.0029
  1.3039  0.0029
  1.1226  0.0030
  0.9806  0.0031
  0.7796  0.0032
  1.2329  0.0032
  0.9412  0.0032
  0.8820  0.0033
  0.8465  0.0034
  1.2131  0.0035
  0.8228  0.0036
  1.0120  0.0036
  0.8149  0.0038
  1.1696  0.0039
  0.7281  0.0040
  0.6847  0.0042
  0.6137  0.0042
  0.9251  0.0043
 -0.0012  0.0044
  1.3350  0.0044
  0.5624  0.0044
  0.8580  0.0046
  0.7516  0.0046
  0.7200  0.0048
  0.9407  0.0050
  0.7908  0.0055
  0.6290  0.0061
  0.6644  0.0062
  0.5145  0.0069
  0.6997  0.0070
  0.6563  0.0070
  0.3999  0.0078
  0.5063  0.0080
  0.5457  0.0080
  0.5810  0.0087
  0.0133  0.0089
  0.4311  0.0091
  0.4074  0.0093
  0.0289  0.0094
  0.3126  0.0098
  0.2534  0.0102
  0.4622  0.0106
  0.4188  0.0107
  0.3242  0.0109
  0.4738  0.0113
  0.1900  0.0114
  0.0875  0.0115
  0.3515  0.0116
  0.4343  0.0118
  0.0243  0.0119
  0.0479  0.0121
  0.3356  0.0124
  0.1659  0.0130
  0.3630  0.0131
  0.0514  0.0135
  0.2288  0.0135
  0.1145  0.0136
  0.1023  0.0149
  0.1299  0.0149
  0.1614  0.0150
  0.1414  0.0159
  0.2904  0.0187
