# Digitized by GSYS2.4.2
# Date =  13.Sep.2017,  16:10:35
# Number of data = 102
# set xrange[0.0, 3.5]
# set yrange[0.0, 0.03] 
# MD5Fig : 857b44020d83836f4534ba5fa42a49c9
# Axis_X : 3fd8827371f1cb613fe54d880bb3ee723feab2aac0b191103fe5504c8adfc4e7
# Axis_Y : 3fd8827371f1cb613fe54d880bb3ee723fd888da7c3f9ff63fde33b007cd49a1
#   x       y  
 2.4848  0.0002
 0.9090  0.0006
 0.9424  0.0007
 1.0484  0.0008
 0.8090  0.0011
 0.8787  0.0013
 0.8362  0.0013
 0.7877  0.0013
 0.8938  0.0014
 1.0090  0.0014
 0.8150  0.0014
 1.0786  0.0015
 0.9695  0.0016
 0.7998  0.0017
 0.9210  0.0020
 0.9937  0.0020
 0.8574  0.0021
 0.7665  0.0021
 0.6876  0.0024
 0.7361  0.0024
 0.8270  0.0026
 1.0452  0.0027
 0.9967  0.0027
 0.7815  0.0028
 0.9603  0.0029
 1.0421  0.0031
 0.6906  0.0033
 0.8875  0.0033
 1.0209  0.0033
 0.7148  0.0035
 1.0724  0.0035
 0.6603  0.0035
 0.6360  0.0037
 0.5966  0.0039
 0.6693  0.0039
 0.6511  0.0044
 0.7207  0.0046
 0.5661  0.0052
 0.6267  0.0053
 0.6782  0.0054
 0.5328  0.0055
 0.5115  0.0065
 0.4721  0.0066
 0.5660  0.0066
 0.4357  0.0068
 0.5872  0.0070
 0.3963  0.0071
 0.4417  0.0073
 0.4538  0.0073
 0.5447  0.0074
 0.4841  0.0076
 0.5295  0.0080
 0.4174  0.0080
 0.3931  0.0080
 0.3779  0.0084
 0.4082  0.0084
 0.4810  0.0086
 0.3566  0.0092
 0.2900  0.0095
 0.4263  0.0097
 0.3140  0.0111
 0.3413  0.0116
 0.3716  0.0117
 0.2109  0.0120
 0.2048  0.0126
 0.2836  0.0126
 0.2321  0.0126
 0.2533  0.0128
 0.1926  0.0128
 0.2714  0.0128
 0.2320  0.0133
 0.2229  0.0135
 0.3046  0.0140
 0.2197  0.0148
 0.2106  0.0148
 0.2499  0.0159
 0.1892  0.0166
 0.1831  0.0168
 0.2619  0.0172
 0.1861  0.0177
 0.1740  0.0179
 0.1375  0.0183
 0.1254  0.0188
 0.0496  0.0192
 0.0102  0.0194
 0.0283  0.0197
 0.1738  0.0197
 0.1435  0.0198
 0.1647  0.0198
 0.1222  0.0199
 0.1556  0.0199
 0.1131  0.0201
 0.1586  0.0203
 0.0130  0.0210
 0.0403  0.0210
 0.1160  0.0213
 0.1069  0.0214
 0.0857  0.0219
 0.0613  0.0230
 0.1068  0.0231
 0.1007  0.0232
 0.0976  0.0239
