# Digitized by GSYS2.4.2
# Date =  9.May.2017,  14:12:59
# Number of data = 156
# set xrange[0.0, 2.0]
# set yrange[0.0, 0.05] 
# MD5Fig : 2be84eb0715cddf4b32fbde74f507c4b
# Axis_X : 3fd415355221d02e3fe5342cdc6760103fe87599d477c63d3fe557254e85aed3
# Axis_Y : 3fd415355221d02e3fe5342cdc6760103fd46870d8159bc33fddab277f44c119
#   x       y  
 1.3027  0.0001
 1.2281  0.0001
 1.2714  0.0002
 1.0667  0.0002
 1.1933  0.0002
 1.1603  0.0003
 1.0216  0.0003
 1.0545  0.0003
 1.1377  0.0004
 1.0024  0.0004
 1.1204  0.0004
 1.0423  0.0005
 1.1030  0.0005
 0.0101  0.0006
 1.0891  0.0006
 0.9815  0.0007
 1.0318  0.0007
 1.0144  0.0008
 0.9658  0.0008
 0.9432  0.0009
 1.0681  0.0009
 1.0768  0.0009
 0.9033  0.0009
 0.8894  0.0010
 0.9518  0.0010
 0.9935  0.0011
 0.9154  0.0011
 0.9345  0.0011
 0.8234  0.0012
 0.7835  0.0013
 0.7713  0.0014
 0.8840  0.0014
 0.8094  0.0015
 0.8354  0.0015
 0.8476  0.0015
 0.8614  0.0015
 0.8718  0.0015
 0.7191  0.0017
 0.7885  0.0017
 0.7520  0.0018
 0.8023  0.0019
 0.7641  0.0019
 0.7294  0.0020
 0.7432  0.0021
 0.5922  0.0024
 0.7171  0.0024
 0.6390  0.0024
 0.6563  0.0024
 0.6806  0.0024
 0.7083  0.0025
 0.6961  0.0026
 0.5886  0.0026
 0.6007  0.0027
 0.6579  0.0029
 0.6769  0.0029
 0.6093  0.0030
 0.6682  0.0030
 0.5589  0.0030
 0.7012  0.0030
 0.6317  0.0031
 0.5849  0.0031
 0.6595  0.0032
 0.5693  0.0032
 0.6143  0.0032
 0.5691  0.0035
 0.6194  0.0035
 0.5464  0.0038
 0.5187  0.0038
 0.5551  0.0038
 0.5082  0.0039
 0.5411  0.0042
 0.5062  0.0045
 0.5322  0.0045
 0.5201  0.0045
 0.4870  0.0049
 0.4783  0.0049
 0.4019  0.0051
 0.4730  0.0052
 0.4521  0.0052
 0.4451  0.0054
 0.4103  0.0055
 0.3860  0.0056
 0.4363  0.0057
 0.4223  0.0060
 0.3766  0.0072
 0.3853  0.0072
 0.3756  0.0096
 0.3651  0.0096
 0.3660  0.0116
 0.3555  0.0117
 0.3164  0.0138
 0.3251  0.0138
 0.3144  0.0143
 0.3057  0.0146
 0.3455  0.0147
 0.3559  0.0147
 0.0504  0.0153
 0.0590  0.0153
 0.3242  0.0158
 0.3328  0.0158
 0.2648  0.0167
 0.2561  0.0168
 0.2681  0.0170
 0.3045  0.0171
 0.2750  0.0172
 0.2958  0.0172
 0.0355  0.0174
 0.0268  0.0175
 0.3355  0.0177
 0.3476  0.0178
 0.2555  0.0181
 0.2467  0.0184
 0.2968  0.0189
 0.2774  0.0195
 0.0499  0.0202
 0.0394  0.0202
 0.2455  0.0211
 0.1986  0.0212
 0.1882  0.0213
 0.2367  0.0213
 0.1395  0.0214
 0.1499  0.0214
 0.1010  0.0222
 0.1096  0.0224
 0.1875  0.0228
 0.1371  0.0230
 0.1769  0.0231
 0.1317  0.0233
 0.0623  0.0234
 0.0691  0.0237
 0.1989  0.0243
 0.2057  0.0246
 0.1103  0.0248
 0.1171  0.0249
 0.1483  0.0250
 0.1586  0.0253
 0.2365  0.0257
 0.2258  0.0262
 0.1789  0.0264
 0.2084  0.0264
 0.2136  0.0265
 0.1684  0.0265
 0.1301  0.0270
 0.1214  0.0270
 0.0985  0.0277
 0.0898  0.0279
 0.0688  0.0281
 0.0773  0.0285
 0.1549  0.0297
 0.1687  0.0298
 0.0072  0.0301
 0.0801  0.0301
 0.0888  0.0301
 0.0174  0.0306
 0.0227  0.0458
 0.0314  0.0458
