# Digitized by GSYS2.4.2
# Date =  13.Sep.2017,  15:27:5
# Number of data = 142
# set xrange[0.0, 0.8]
# set yrange[0.0, 0.04] 
# MD5Fig : 48da1b3993e6838c37a5d96fac257443
# Axis_X : 3fd7f115e1950c123fe546aa81da74763fead2f8849e39973fe5498d1cfe35da
# Axis_Y : 3fd7f115e1950c123fe546aa81da74763fd7f75d8299a8ac3fde8cda93124b54
#   x       y  
 0.7907  0.0002
 0.6507  0.0004
 0.6699  0.0005
 0.6897  0.0005
 0.6996  0.0005
 0.7623  0.0005
 0.7676  0.0005
 0.7782  0.0005
 0.6811  0.0005
 0.7313  0.0006
 0.7584  0.0006
 0.6190  0.0007
 0.6111  0.0007
 0.7821  0.0007
 0.7894  0.0007
 0.6500  0.0009
 0.6223  0.0010
 0.5701  0.0011
 0.5807  0.0011
 0.7002  0.0011
 0.0000  0.0012
 0.6698  0.0012
 0.7300  0.0012
 0.0099  0.0012
 0.6784  0.0013
 0.7095  0.0013
 0.7214  0.0013
 0.6097  0.0015
 0.5813  0.0016
 0.7128  0.0016
 0.7194  0.0016
 0.5906  0.0016
 0.5205  0.0021
 0.5304  0.0021
 0.5509  0.0022
 0.5608  0.0022
 0.5417  0.0024
 0.5502  0.0025
 0.0105  0.0029
 0.0198  0.0030
 0.5311  0.0030
 0.5397  0.0031
 0.5615  0.0031
 0.5701  0.0031
 0.5113  0.0034
 0.5198  0.0034
 0.5093  0.0044
 0.5007  0.0044
 0.4802  0.0061
 0.4894  0.0061
 0.4795  0.0067
 0.4702  0.0067
 0.4901  0.0068
 0.4986  0.0068
 0.4696  0.0071
 0.4597  0.0072
 0.4497  0.0077
 0.4583  0.0077
 0.4306  0.0078
 0.4392  0.0078
 0.4398  0.0083
 0.4484  0.0083
 0.4286  0.0084
 0.4200  0.0084
 0.4193  0.0094
 0.4008  0.0095
 0.3704  0.0101
 0.3612  0.0102
 0.3916  0.0115
 0.3995  0.0115
 0.3829  0.0125
 0.3896  0.0125
 0.3598  0.0126
 0.3512  0.0128
 0.3711  0.0128
 0.3796  0.0128
 0.0202  0.0153
 0.0295  0.0153
 0.3499  0.0160
 0.3413  0.0161
 0.1490  0.0171
 0.1589  0.0172
 0.1900  0.0173
 0.1992  0.0173
 0.2111  0.0174
 0.2197  0.0174
 0.3399  0.0175
 0.3313  0.0176
 0.1602  0.0183
 0.1688  0.0184
 0.3293  0.0185
 0.2197  0.0186
 0.3207  0.0186
 0.2296  0.0187
 0.3201  0.0190
 0.3108  0.0191
 0.2606  0.0196
 0.2692  0.0196
 0.2005  0.0199
 0.2091  0.0200
 0.1701  0.0217
 0.1793  0.0218
 0.3095  0.0219
 0.3002  0.0220
 0.2302  0.0224
 0.2592  0.0224
 0.1800  0.0224
 0.2500  0.0224
 0.1892  0.0225
 0.2394  0.0225
 0.2705  0.0229
 0.2797  0.0231
 0.2401  0.0234
 0.2493  0.0234
 0.1099  0.0246
 0.1185  0.0246
 0.1495  0.0266
 0.1396  0.0267
 0.1198  0.0271
 0.1270  0.0272
 0.2995  0.0272
 0.2902  0.0273
 0.1079  0.0279
 0.0986  0.0280
 0.2803  0.0289
 0.2895  0.0289
 0.0306  0.0298
 0.0391  0.0299
 0.0979  0.0303
 0.0900  0.0304
 0.1296  0.0333
 0.1395  0.0333
 0.0595  0.0350
 0.0509  0.0350
 0.0886  0.0355
 0.0800  0.0356
 0.0615  0.0367
 0.0701  0.0368
 0.0410  0.0388
 0.0502  0.0388
 0.0714  0.0391
 0.0793  0.0391
