# Digitized by GSYS2.4.2
# Date =  9.May.2017,  10:29:23
# Number of data = 140
# set xrange[0.0, 0.8]
# set yrange[0.0, 0.04] 
# MD5Fig : 48da1b3993e6838c37a5d96fac257443
# Axis_X : 3fd7f17721d3e0823fe547d7195a2eb33fead1e2c6e160a13fe54a61228c80ee
# Axis_Y : 3fd7f17721d3e0823fe547d7195a2eb33fd7f7009b0941d73fde8b40c705f4b8
#   x       y  
 0.7907  0.0002
 0.6502  0.0004
 0.6992  0.0005
 0.7784  0.0005
 0.6701  0.0005
 0.6800  0.0005
 0.7312  0.0005
 0.7610  0.0005
 0.6106  0.0007
 0.6199  0.0007
 0.7563  0.0007
 0.7819  0.0007
 0.7895  0.0007
 0.6502  0.0008
 0.6223  0.0009
 0.5704  0.0011
 0.5803  0.0011
 0.6712  0.0012
 0.0017  0.0012
 0.0093  0.0012
 0.6800  0.0012
 0.7003  0.0012
 0.7301  0.0012
 0.7103  0.0013
 0.7213  0.0013
 0.6094  0.0016
 0.7114  0.0016
 0.7196  0.0016
 0.5914  0.0016
 0.5821  0.0017
 0.5203  0.0021
 0.5308  0.0021
 0.5518  0.0022
 0.5617  0.0022
 0.5500  0.0025
 0.5418  0.0025
 0.0104  0.0029
 0.0198  0.0030
 0.5313  0.0031
 0.5616  0.0031
 0.5401  0.0031
 0.5710  0.0031
 0.5203  0.0033
 0.5104  0.0034
 0.5010  0.0044
 0.5104  0.0044
 0.4894  0.0061
 0.4806  0.0061
 0.4794  0.0067
 0.4707  0.0068
 0.4905  0.0068
 0.4998  0.0068
 0.4689  0.0072
 0.4602  0.0072
 0.4590  0.0076
 0.4503  0.0077
 0.4305  0.0078
 0.4392  0.0078
 0.4404  0.0083
 0.4491  0.0083
 0.4293  0.0083
 0.4200  0.0084
 0.4194  0.0094
 0.4007  0.0095
 0.3617  0.0102
 0.3704  0.0102
 0.4001  0.0114
 0.3908  0.0115
 0.3820  0.0125
 0.3896  0.0125
 0.3599  0.0126
 0.3506  0.0128
 0.3710  0.0128
 0.3785  0.0128
 0.0202  0.0153
 0.0289  0.0154
 0.3505  0.0160
 0.3412  0.0161
 0.1582  0.0172
 0.1489  0.0172
 0.2002  0.0173
 0.1903  0.0173
 0.2194  0.0173
 0.2107  0.0173
 0.3400  0.0175
 0.3313  0.0176
 0.1594  0.0183
 0.1693  0.0184
 0.3301  0.0184
 0.2200  0.0185
 0.3208  0.0185
 0.2299  0.0187
 0.3196  0.0190
 0.3103  0.0191
 0.2701  0.0196
 0.2607  0.0196
 0.2095  0.0199
 0.2007  0.0200
 0.1704  0.0218
 0.1797  0.0218
 0.3102  0.0219
 0.3009  0.0220
 0.1797  0.0224
 0.2595  0.0224
 0.2310  0.0224
 0.1896  0.0225
 0.2508  0.0225
 0.2397  0.0225
 0.2706  0.0229
 0.2805  0.0230
 0.2403  0.0233
 0.2496  0.0234
 0.1098  0.0246
 0.1185  0.0246
 0.1499  0.0266
 0.1406  0.0266
 0.1196  0.0271
 0.1284  0.0271
 0.2997  0.0272
 0.2904  0.0273
 0.1080  0.0279
 0.0992  0.0279
 0.2804  0.0288
 0.2903  0.0288
 0.0304  0.0299
 0.0392  0.0299
 0.0986  0.0303
 0.0899  0.0304
 0.1295  0.0332
 0.1399  0.0332
 0.0601  0.0349
 0.0513  0.0349
 0.0892  0.0355
 0.0811  0.0356
 0.0612  0.0366
 0.0706  0.0367
 0.0408  0.0388
 0.0495  0.0388
 0.0711  0.0390
 0.0793  0.0390
