# Digitized by GSYS2.4.2
# Date =  13.Sep.2017,  15:50:33
# Number of data = 161
# set xrange[0.0, 2.0]
# set yrange[0.0, 0.05] 
# MD5Fig : 2be84eb0715cddf4b32fbde74f507c4b
# Axis_X : 3fd415355221d02e3fe5323989ff06573fe87272f1c374fa3fe5552a57073c0c
# Axis_Y : 3fd415355221d02e3fe5323989ff06573fd46870d8159bc33fdda740da740da7
#   x       y  
 1.3628  0.0001
 1.0260  0.0002
 1.0676  0.0002
 1.0033  0.0004
 0.0085  0.0005
 1.0918  0.0005
 0.9702  0.0007
 0.9806  0.0007
 0.8851  0.0007
 1.0153  0.0007
 1.0344  0.0007
 0.9580  0.0008
 0.9423  0.0008
 0.8902  0.0008
 0.8989  0.0008
 1.0690  0.0009
 0.8850  0.0010
 0.9145  0.0010
 0.9249  0.0010
 0.9353  0.0010
 0.9908  0.0011
 0.9978  0.0011
 0.8242  0.0011
 0.9544  0.0011
 0.8241  0.0012
 0.7790  0.0012
 0.8189  0.0012
 0.8849  0.0013
 0.8310  0.0013
 0.8345  0.0013
 0.7807  0.0013
 0.8136  0.0013
 0.8414  0.0013
 0.8796  0.0014
 0.8813  0.0014
 0.8084  0.0014
 0.8518  0.0014
 0.8553  0.0014
 0.8622  0.0014
 0.7702  0.0014
 0.7858  0.0014
 0.8691  0.0015
 0.8049  0.0015
 0.7181  0.0015
 0.8656  0.0016
 0.7909  0.0016
 0.7545  0.0017
 0.7648  0.0017
 0.7926  0.0017
 0.8030  0.0017
 0.7509  0.0018
 0.8030  0.0019
 0.7630  0.0019
 0.7422  0.0020
 0.7317  0.0020
 0.7160  0.0022
 0.5875  0.0023
 0.5962  0.0024
 0.6552  0.0024
 0.6795  0.0024
 0.6395  0.0024
 0.7001  0.0028
 0.5872  0.0029
 0.6619  0.0029
 0.6758  0.0029
 0.5594  0.0030
 0.5802  0.0031
 0.5698  0.0031
 0.6271  0.0031
 0.5575  0.0034
 0.6182  0.0035
 0.5487  0.0037
 0.5556  0.0037
 0.5087  0.0037
 0.5191  0.0037
 0.5486  0.0039
 0.5450  0.0041
 0.5380  0.0043
 0.5050  0.0044
 0.5206  0.0044
 0.5310  0.0045
 0.4787  0.0048
 0.4023  0.0050
 0.4473  0.0051
 0.4734  0.0052
 0.3864  0.0055
 0.4107  0.0056
 0.4332  0.0057
 0.4209  0.0059
 0.3770  0.0071
 0.3839  0.0071
 0.3742  0.0095
 0.3672  0.0096
 0.3646  0.0115
 0.3558  0.0117
 0.3237  0.0137
 0.3149  0.0138
 0.3147  0.0143
 0.3059  0.0145
 0.3545  0.0145
 0.3458  0.0147
 0.0504  0.0152
 0.0591  0.0152
 0.3244  0.0158
 0.3349  0.0158
 0.2616  0.0166
 0.2546  0.0168
 0.2666  0.0170
 0.3048  0.0171
 0.2753  0.0171
 0.2961  0.0171
 0.0373  0.0174
 0.0286  0.0174
 0.3358  0.0177
 0.3461  0.0178
 0.2540  0.0181
 0.2470  0.0183
 0.2952  0.0190
 0.2760  0.0194
 0.0395  0.0202
 0.0499  0.0202
 0.1988  0.0211
 0.2457  0.0211
 0.1883  0.0212
 0.2369  0.0213
 0.1397  0.0213
 0.1501  0.0214
 0.0993  0.0222
 0.1080  0.0223
 0.1876  0.0228
 0.1789  0.0229
 0.1389  0.0230
 0.1301  0.0233
 0.0589  0.0234
 0.0692  0.0236
 0.1991  0.0243
 0.2060  0.0245
 0.1086  0.0248
 0.1502  0.0249
 0.1172  0.0249
 0.1587  0.0253
 0.2367  0.0256
 0.2280  0.0257
 0.2243  0.0263
 0.1773  0.0264
 0.2086  0.0264
 0.1686  0.0265
 0.1198  0.0269
 0.1285  0.0269
 0.0986  0.0277
 0.0881  0.0278
 0.0706  0.0281
 0.0774  0.0285
 0.1602  0.0297
 0.1689  0.0297
 0.0819  0.0300
 0.0888  0.0301
 0.0071  0.0303
 0.0175  0.0305
 0.0210  0.0458
 1.1323  0.1068
