# Digitized by GSYS2.4.7
# Date =  4.May.2015,  15:52:11
# Number of data = 43
# set xrange[1.0, 4.0]
# set yrange[1.0, 3.0] 
# MD5Fig : 256fdce6b7baf8f7ee5e8ac9aa6d7782
# Axis_X : 3fd2fdeb2fdeb2fe3feccccccccccccd3fed58a9d58a9d593fecdf358049a2ce
# Axis_Y : 3fb6afa96afa96b03fe3c678cf19e33c3fb6f67954ea61253fa8b9515a34755b
#    x          y    
  1.307E-01  1.647E+00
  2.045E-01  2.002E+00
  2.783E-01  2.354E+00
  3.492E-01  2.318E+00
  4.288E-01  1.936E+00
  5.191E-01  1.964E+00
  5.892E-01  2.232E+00
  6.683E-01  2.055E+00
  7.547E-01  2.087E+00
  8.334E-01  2.059E+00
  9.129E-01  1.764E+00
  9.876E-01  1.736E+00
  1.074E+00  1.669E+00
  1.145E+00  1.563E+00
  1.224E+00  1.429E+00
  1.300E+00  1.228E+00
  1.390E+00  1.225E+00
  1.457E+00  1.130E+00
  1.536E+00  1.075E+00
  1.615E+00  9.412E-01
  1.702E+00  8.901E-01
  1.784E+00  8.667E-01
  1.859E+00  8.274E-01
  1.934E+00  7.093E-01
  2.016E+00  7.331E-01
  2.092E+00  5.558E-01
  2.166E+00  5.284E-01
  2.245E+00  4.813E-01
  2.336E+00  3.553E-01
  2.403E+00  4.462E-01
  2.485E+00  3.478E-01
  2.576E+00  3.599E-01
  2.646E+00  3.837E-01
  2.721E+00  2.972E-01
  2.796E+00  3.407E-01
  2.871E+00  2.739E-01
  2.961E+00  2.347E-01
  3.036E+00  2.467E-01
  3.107E+00  1.404E-01
  3.197E+00  1.998E-01
  3.276E+00  5.010E-02
  3.347E+00  1.252E-01
  3.426E+00  1.254E-01
