# Digitized by GSYS2.4.2
# Date =  12.Sep.2017,  9:32:12
# Number of data = 176
# set xrange[0.0, 2.0]
# set yrange[0.0, 0.02] 
# MD5Fig : 41f912a415c0778193b5ad17f03e62d7
# Axis_X : 3fd788c0e01668a43fe50943c76faa2e3fea5c3c6c713e883fe5130463796ac9
# Axis_Y : 3fd788c0e01668a43fe50943c76faa2e3fd79b531408586f3fdfc19544376cbd
#   x       y  
 1.4773  0.0000
 1.5441  0.0000
 1.5201  0.0001
 1.6144  0.0001
 1.6607  0.0001
 1.4481  0.0001
 1.6898  0.0001
 1.7789  0.0001
 1.7395  0.0001
 1.6246  0.0001
 1.7600  0.0002
 1.6418  0.0002
 1.4858  0.0002
 1.6880  0.0002
 1.3967  0.0002
 1.4995  0.0002
 1.5938  0.0002
 1.6075  0.0002
 1.4087  0.0003
 1.5800  0.0003
 1.6983  0.0003
 1.3881  0.0003
 1.4995  0.0003
 1.5166  0.0003
 1.3538  0.0003
 1.3675  0.0004
 1.7188  0.0004
 1.7360  0.0004
 1.4223  0.0004
 1.7582  0.0005
 1.3126  0.0005
 1.3384  0.0005
 1.6982  0.0006
 1.7171  0.0006
 1.7753  0.0006
 1.2029  0.0006
 1.2766  0.0007
 1.2937  0.0007
 1.2098  0.0007
 1.1960  0.0008
 1.2594  0.0008
 1.2183  0.0008
 1.1874  0.0009
 1.2200  0.0010
 1.2525  0.0011
 1.0726  0.0011
 1.1822  0.0011
 1.0863  0.0012
 1.1480  0.0012
 1.0605  0.0012
 1.1102  0.0014
 1.1427  0.0014
 0.9988  0.0015
 1.0176  0.0015
 1.0245  0.0015
 1.0553  0.0015
 0.9901  0.0017
 0.8890  0.0018
 0.9781  0.0018
 0.9078  0.0019
 0.9763  0.0021
 0.9660  0.0021
 0.9112  0.0022
 0.9249  0.0022
 0.9317  0.0023
 0.9454  0.0024
 0.8871  0.0024
 0.8786  0.0025
 0.9522  0.0026
 0.9642  0.0026
 0.7808  0.0029
 0.8167  0.0030
 0.8750  0.0031
 0.8201  0.0033
 0.7275  0.0033
 0.7481  0.0033
 0.8372  0.0033
 0.7772  0.0033
 0.8595  0.0033
 0.7686  0.0034
 0.8577  0.0035
 0.8406  0.0036
 0.8509  0.0036
 0.7463  0.0038
 0.7617  0.0040
 0.7255  0.0044
 0.7067  0.0045
 0.7049  0.0047
 0.6929  0.0048
 0.6860  0.0050
 0.6671  0.0053
 0.6585  0.0053
 0.6378  0.0056
 0.6342  0.0065
 0.6205  0.0065
 0.6119  0.0067
 0.5999  0.0067
 0.5979  0.0076
 0.5893  0.0077
 0.5105  0.0077
 0.5259  0.0077
 0.5893  0.0080
 0.5053  0.0081
 0.5789  0.0082
 0.4915  0.0082
 0.5309  0.0086
 0.5480  0.0087
 0.5805  0.0088
 0.4897  0.0088
 0.4777  0.0089
 0.5702  0.0089
 0.4193  0.0093
 0.4381  0.0093
 0.4775  0.0094
 0.5478  0.0094
 0.4638  0.0095
 0.4381  0.0095
 0.4535  0.0095
 0.5546  0.0096
 0.5614  0.0097
 0.0815  0.0101
 0.0626  0.0102
 0.3075  0.0107
 0.3263  0.0109
 0.3261  0.0119
 0.4152  0.0119
 0.3055  0.0119
 0.3432  0.0119
 0.4066  0.0120
 0.2952  0.0120
 0.4048  0.0124
 0.3962  0.0125
 0.2951  0.0126
 0.3482  0.0128
 0.2693  0.0128
 0.2658  0.0130
 0.3635  0.0130
 0.2572  0.0131
 0.2212  0.0133
 0.2297  0.0134
 0.2194  0.0135
 0.2383  0.0135
 0.2143  0.0136
 0.2091  0.0136
 0.3959  0.0137
 0.1988  0.0137
 0.3873  0.0139
 0.3650  0.0140
 0.2570  0.0140
 0.2399  0.0141
 0.2553  0.0141
 0.3769  0.0142
 0.3802  0.0147
 0.1658  0.0156
 0.1486  0.0156
 0.1982  0.0162
 0.1879  0.0163
 0.0799  0.0165
 0.0919  0.0166
 0.0589  0.0180
 0.0914  0.0183
 0.1000  0.0184
 0.1702  0.0186
 0.1804  0.0187
 0.0073  0.0188
 0.0193  0.0188
 0.1820  0.0194
 0.1905  0.0194
 0.1029  0.0203
 0.1115  0.0204
 0.1111  0.0221
 0.1487  0.0222
 0.1299  0.0223
 0.1401  0.0223
 0.1298  0.0226
 0.1366  0.0226
