# Digitized by GSYS2.4.2
# Date =  8.Sep.2017,  11:49:27
# Number of data = 267
# set xrange[0.0, 1.8]
# set yrange[0.0, 0.03] 
# MD5Fig : 41f912a415c0778193b5ad17f03e62d7
# Axis_X : 3fd7e263705808ce3fd59b8cec01f3523fea12a87b2281b03fd57790d010b047
# Axis_Y : 3fd7e263705808ce3fd59b8cec01f3523fd7bbf932850d4e3fc4d0b3719d803e
#   x       y  
 1.6057  0.0000
 1.5786  0.0001
 1.5372  0.0001
 1.6375  0.0001
 0.0128  0.0001
 1.5595  0.0001
 1.5308  0.0001
 1.5197  0.0001
 1.6949  0.0001
 1.6599  0.0002
 1.6296  0.0002
 1.5946  0.0002
 0.0160  0.0002
 1.6137  0.0003
 1.5182  0.0004
 1.5102  0.0004
 1.4927  0.0004
 0.0208  0.0004
 0.0384  0.0004
 1.5293  0.0005
 1.6392  0.0005
 1.5596  0.0005
 1.5357  0.0005
 1.5771  0.0005
 0.0400  0.0006
 1.5039  0.0006
 1.6552  0.0006
 0.0496  0.0007
 1.4657  0.0008
 1.4132  0.0008
 1.4355  0.0009
 1.4005  0.0009
 0.0513  0.0010
 1.4499  0.0010
 1.4658  0.0010
 0.0593  0.0010
 1.4244  0.0011
 1.2731  0.0012
 1.2938  0.0012
 1.2827  0.0013
 1.3974  0.0013
 1.3799  0.0014
 1.3321  0.0015
 0.1136  0.0015
 1.3035  0.0015
 1.2700  0.0015
 0.2092  0.0015
 0.2012  0.0015
 1.3401  0.0016
 1.3178  0.0016
 1.2605  0.0016
 0.0610  0.0016
 1.3545  0.0017
 1.4405  0.0017
 1.2446  0.0017
 0.0706  0.0017
 1.3227  0.0018
 1.4469  0.0018
 0.1981  0.0018
 1.3466  0.0018
 1.3418  0.0018
 0.1089  0.0019
 0.1886  0.0019
 0.0978  0.0019
 1.2383  0.0019
 0.2109  0.0020
 0.1376  0.0020
 0.1201  0.0020
 1.2527  0.0020
 1.2208  0.0020
 1.3785  0.0020
 1.3610  0.0020
 1.2590  0.0021
 0.2205  0.0021
 0.1473  0.0023
 0.1855  0.0024
 0.2190  0.0025
 0.1808  0.0025
 0.2270  0.0027
 0.1793  0.0029
 0.1698  0.0029
 1.1080  0.0030
 1.1001  0.0030
 1.0874  0.0032
 1.0300  0.0033
 1.0189  0.0033
 1.0699  0.0033
 1.2196  0.0034
 0.2289  0.0034
 1.0938  0.0035
 0.1524  0.0035
 1.2101  0.0035
 0.2385  0.0036
 0.1669  0.0038
 1.0191  0.0038
 1.0095  0.0038
 1.0319  0.0039
 1.2087  0.0040
 1.2007  0.0040
 0.9108  0.0041
 0.9013  0.0041
 1.0383  0.0042
 1.1100  0.0042
 1.0686  0.0043
 0.1001  0.0043
 0.0922  0.0043
 1.1196  0.0044
 1.0607  0.0044
 0.8982  0.0045
 1.1993  0.0045
 0.9126  0.0045
 0.8919  0.0045
 1.1706  0.0046
 0.9190  0.0046
 1.1611  0.0046
 1.0098  0.0047
 0.6721  0.0047
 0.6626  0.0047
 1.0003  0.0048
 0.9207  0.0050
 1.1724  0.0050
 0.6452  0.0051
 0.6563  0.0052
 0.9303  0.0052
 1.0386  0.0052
 0.6388  0.0052
 0.6293  0.0052
 0.6197  0.0052
 0.7025  0.0052
 0.7105  0.0053
 0.2980  0.0053
 0.2916  0.0053
 0.6978  0.0054
 1.0451  0.0054
 0.9957  0.0054
 1.0483  0.0055
 1.1200  0.0056
 0.2996  0.0056
 0.6899  0.0056
 0.7903  0.0056
 0.3092  0.0056
 0.8907  0.0057
 1.1312  0.0057
 0.9894  0.0058
 0.9815  0.0058
 0.8811  0.0058
 1.0516  0.0058
 0.8302  0.0058
 0.6709  0.0059
 1.0564  0.0059
 0.2392  0.0059
 0.6789  0.0061
 0.2489  0.0062
 0.9801  0.0063
 0.9705  0.0064
 0.7109  0.0065
 1.1601  0.0065
 0.0738  0.0066
 0.8782  0.0066
 0.0786  0.0066
 1.1490  0.0067
 0.9292  0.0067
 0.7189  0.0067
 0.8671  0.0068
 0.6792  0.0068
 0.6871  0.0069
 0.9389  0.0070
 0.9676  0.0071
 0.9596  0.0072
 1.1301  0.0072
 1.1397  0.0074
 0.2875  0.0075
 0.7893  0.0075
 0.7797  0.0076
 0.6157  0.0077
 0.2764  0.0077
 0.7193  0.0078
 0.8277  0.0079
 0.6079  0.0080
 0.7273  0.0081
 0.8373  0.0082
 1.1384  0.0083
 1.1448  0.0084
 0.7753  0.0085
 0.7657  0.0085
 0.9569  0.0087
 0.9394  0.0087
 0.0808  0.0088
 0.0872  0.0088
 0.3438  0.0090
 0.3343  0.0092
 0.3263  0.0093
 0.7676  0.0096
 0.3073  0.0096
 0.7581  0.0096
 0.3169  0.0098
 0.6052  0.0098
 0.7279  0.0099
 0.5973  0.0099
 0.7359  0.0101
 0.4349  0.0102
 0.5464  0.0102
 0.4270  0.0102
 0.5289  0.0102
 0.8682  0.0103
 0.8587  0.0105
 0.4367  0.0107
 0.7585  0.0107
 0.3172  0.0108
 0.7489  0.0109
 0.3252  0.0109
 0.4463  0.0109
 0.3189  0.0110
 0.3460  0.0112
 0.3557  0.0114
 0.4260  0.0122
 0.4165  0.0123
 0.5965  0.0124
 0.7463  0.0125
 0.7399  0.0125
 0.5870  0.0126
 0.2765  0.0128
 0.2669  0.0129
 0.2463  0.0130
 0.2526  0.0130
 0.5251  0.0132
 0.5187  0.0132
 0.4470  0.0133
 0.4567  0.0135
 0.5475  0.0136
 0.4058  0.0137
 0.3978  0.0137
 0.5540  0.0139
 0.8376  0.0141
 0.8472  0.0144
 0.4172  0.0145
 0.4076  0.0146
 0.5558  0.0147
 0.5639  0.0149
 0.2646  0.0154
 0.8491  0.0154
 0.2566  0.0154
 0.8571  0.0155
 0.5676  0.0168
 0.5167  0.0168
 0.5056  0.0169
 0.5884  0.0169
 0.5821  0.0171
 0.4564  0.0177
 0.4660  0.0177
 0.3960  0.0179
 0.3880  0.0180
 0.4872  0.0192
 0.4792  0.0192
 0.5080  0.0195
 0.4985  0.0197
 0.4906  0.0199
 0.4954  0.0200
 0.4701  0.0206
 0.4781  0.0206
 0.3592  0.0227
 0.3641  0.0228
 0.3852  0.0242
 0.3773  0.0244
 0.3682  0.0307
 0.3652  0.0313
 0.3732  0.0313
