# Digitized by GSYS2.4.2
# Date =  12.Sep.2017,  15:39:43
# Number of data = 151
# set xrange[0.0, 3.2]
# set yrange[0.0, 0.02] 
# MD5Fig : 29e84cc1ed275b9b23fc36bc27e61dac
# Axis_X : 3fd4146a602afae53fd5a5a5a5a5a5a63fe8c4ec6a0907903fd5d2369084fca5
# Axis_Y : 3fd4146a602afae53fd5a5a5a5a5a5a63fd447fdd9daee013fc1fa535e7fe411
#   x       y  
 1.5319  0.0000
 2.1058  0.0001
 1.5148  0.0001
 1.5877  0.0002
 1.5633  0.0002
 1.7311  0.0002
 1.2423  0.0002
 1.2593  0.0003
 1.4684  0.0003
 1.5341  0.0003
 1.6167  0.0003
 1.4173  0.0003
 1.3784  0.0003
 1.4513  0.0004
 1.5534  0.0004
 1.4342  0.0004
 1.4731  0.0005
 1.2080  0.0005
 1.5119  0.0005
 1.4973  0.0006
 1.3562  0.0006
 1.4146  0.0006
 1.3951  0.0006
 1.4535  0.0006
 1.2200  0.0006
 1.3343  0.0007
 1.4023  0.0007
 1.2004  0.0007
 1.4362  0.0008
 1.2951  0.0008
 1.3973  0.0009
 1.1881  0.0009
 1.2829  0.0010
 1.3144  0.0010
 1.1271  0.0010
 1.1515  0.0010
 1.2633  0.0011
 1.2754  0.0011
 1.0175  0.0012
 1.2217  0.0013
 0.9932  0.0013
 1.0563  0.0013
 1.0709  0.0013
 1.2338  0.0013
 1.0295  0.0014
 1.0902  0.0015
 0.9881  0.0015
 1.0756  0.0015
 0.9345  0.0015
 0.9586  0.0018
 0.9221  0.0018
 0.8977  0.0019
 0.8805  0.0020
 0.8998  0.0021
 0.9167  0.0023
 0.8774  0.0026
 0.8385  0.0026
 1.0330  0.0027
 1.0500  0.0027
 0.8359  0.0028
 0.7968  0.0029
 0.7962  0.0035
 0.7451  0.0035
 0.7912  0.0036
 0.7498  0.0037
 0.0519  0.0037
 0.7279  0.0037
 0.6888  0.0038
 0.7058  0.0038
 0.7105  0.0040
 0.7834  0.0041
 0.6302  0.0041
 0.0782  0.0041
 0.7226  0.0041
 0.6370  0.0045
 0.6466  0.0047
 0.0814  0.0057
 0.6890  0.0059
 0.0908  0.0059
 0.6525  0.0060
 0.6694  0.0060
 0.6301  0.0064
 0.6202  0.0065
 0.5948  0.0075
 0.5875  0.0076
 0.5967  0.0080
 0.6111  0.0082
 0.6133  0.0084
 0.5856  0.0093
 0.5757  0.0094
 0.5027  0.0095
 0.5098  0.0097
 0.5169  0.0098
 0.0859  0.0104
 0.5184  0.0107
 0.5231  0.0108
 0.5402  0.0108
 0.1096  0.0110
 0.3186  0.0111
 0.4643  0.0112
 0.4470  0.0115
 0.4420  0.0116
 0.4369  0.0118
 0.4364  0.0123
 0.4704  0.0123
 0.4266  0.0123
 0.4776  0.0124
 0.4969  0.0125
 0.4872  0.0125
 0.5406  0.0127
 0.5526  0.0128
 0.3896  0.0128
 0.4067  0.0128
 0.3137  0.0133
 0.2966  0.0134
 0.3669  0.0136
 0.3863  0.0136
 0.3303  0.0137
 0.4081  0.0137
 0.4761  0.0138
 0.4857  0.0139
 0.4272  0.0140
 0.1450  0.0142
 0.5607  0.0143
 0.1303  0.0143
 0.5727  0.0144
 0.0497  0.0146
 0.1105  0.0146
 0.1299  0.0147
 0.3701  0.0151
 0.1537  0.0151
 0.0078  0.0151
 0.3603  0.0151
 0.1607  0.0153
 0.3576  0.0154
 0.3502  0.0155
 0.1703  0.0155
 0.3474  0.0158
 0.2232  0.0160
 0.3350  0.0161
 0.2425  0.0161
 0.2812  0.0163
 0.2666  0.0164
 0.2227  0.0165
 0.2053  0.0169
 0.2464  0.0170
 0.2610  0.0170
 0.1756  0.0173
 0.2875  0.0173
 0.2993  0.0176
 0.1913  0.0185
