# Digitized by GSYS2.4.2
# Date =  9.May.2017,  9:28:14
# Number of data = 278
# set xrange[0.0, 1.8]
# set yrange[0.0, 0.03] 
# MD5Fig : 41f912a415c0778193b5ad17f03e62d7
# Axis_X : 3fd7e263705808ce3fd59b8cec01f3523fea129b75f231d33fd5787120aba454
# Axis_Y : 3fd7e263705808ce3fd59b8cec01f3523fd7bce882c7a1af3fc4d0b1179a7601
#   x       y  
 1.5798  0.0001
 1.6022  0.0001
 1.5602  0.0001
 1.6387  0.0001
 0.0146  0.0001
 1.5378  0.0001
 1.5266  0.0001
 1.6947  0.0001
 1.5168  0.0001
 1.6611  0.0002
 1.5896  0.0002
 1.6289  0.0002
 0.0160  0.0002
 1.5967  0.0003
 1.6107  0.0003
 1.6191  0.0003
 0.0203  0.0003
 1.5168  0.0004
 1.4930  0.0004
 1.6387  0.0004
 0.0329  0.0004
 1.5617  0.0004
 1.5281  0.0004
 1.5070  0.0004
 1.5365  0.0005
 1.4832  0.0005
 1.5771  0.0005
 1.5001  0.0005
 1.6556  0.0006
 0.0484  0.0006
 1.4665  0.0007
 1.4357  0.0008
 1.4147  0.0009
 1.3993  0.0009
 0.0513  0.0010
 0.0597  0.0010
 1.4484  0.0010
 1.4666  0.0011
 1.4232  0.0011
 1.2971  0.0012
 1.2705  0.0012
 1.2859  0.0012
 1.3966  0.0013
 1.3798  0.0014
 0.1117  0.0015
 1.3392  0.0015
 1.3294  0.0015
 0.0613  0.0015
 0.1187  0.0015
 1.3028  0.0015
 1.2692  0.0015
 0.2070  0.0015
 1.3182  0.0016
 0.1986  0.0016
 1.2594  0.0016
 1.3505  0.0017
 1.4514  0.0017
 1.4402  0.0017
 1.3589  0.0017
 0.0711  0.0017
 1.2440  0.0017
 0.1987  0.0017
 1.3393  0.0018
 1.3239  0.0018
 1.4458  0.0019
 0.1889  0.0019
 1.3449  0.0019
 0.1076  0.0019
 0.2099  0.0020
 1.3604  0.0020
 0.0978  0.0020
 1.2371  0.0020
 1.2203  0.0020
 0.1371  0.0020
 0.1203  0.0020
 0.2184  0.0020
 1.2595  0.0020
 1.2553  0.0020
 1.3772  0.0020
 0.1427  0.0022
 0.1498  0.0023
 0.1876  0.0024
 0.1793  0.0024
 0.2185  0.0025
 0.2284  0.0027
 0.1780  0.0028
 0.1696  0.0029
 1.1099  0.0030
 1.1015  0.0030
 1.0847  0.0031
 1.0707  0.0033
 1.0301  0.0033
 1.0189  0.0033
 1.2207  0.0034
 0.2300  0.0034
 1.0904  0.0034
 0.1515  0.0034
 1.2109  0.0035
 0.2384  0.0035
 1.0946  0.0035
 0.1586  0.0036
 0.1671  0.0038
 1.0190  0.0038
 1.0093  0.0039
 1.2110  0.0039
 1.0303  0.0039
 0.9014  0.0040
 1.1999  0.0041
 0.9098  0.0041
 1.0388  0.0041
 1.1102  0.0042
 0.1000  0.0043
 1.0696  0.0043
 0.0916  0.0044
 1.1201  0.0044
 0.8987  0.0044
 1.0613  0.0044
 0.8917  0.0045
 1.1986  0.0045
 1.1692  0.0045
 0.9114  0.0045
 1.1608  0.0046
 0.9198  0.0047
 1.1861  0.0047
 0.6606  0.0047
 1.0095  0.0047
 0.6704  0.0048
 1.0011  0.0048
 1.1721  0.0049
 1.1750  0.0050
 0.9213  0.0050
 0.6439  0.0051
 0.6257  0.0051
 0.6565  0.0051
 0.6341  0.0052
 0.7056  0.0052
 0.2964  0.0052
 0.6201  0.0053
 0.9312  0.0053
 1.0391  0.0053
 0.2894  0.0053
 0.6986  0.0054
 1.0476  0.0054
 0.9999  0.0055
 0.9916  0.0055
 0.6903  0.0056
 0.3007  0.0056
 0.8038  0.0056
 1.1205  0.0056
 0.3092  0.0056
 0.7912  0.0056
 0.8907  0.0056
 0.9902  0.0057
 1.1289  0.0057
 1.0491  0.0058
 0.8291  0.0058
 0.8809  0.0058
 0.9818  0.0059
 0.6708  0.0059
 0.2392  0.0059
 1.0561  0.0060
 0.6806  0.0060
 0.2477  0.0061
 0.9806  0.0064
 0.9708  0.0064
 1.1614  0.0064
 0.7102  0.0066
 0.8798  0.0066
 0.0726  0.0066
 0.7186  0.0066
 1.1488  0.0067
 0.0797  0.0067
 0.9303  0.0067
 0.8686  0.0068
 0.6893  0.0069
 0.6809  0.0069
 0.9387  0.0069
 0.9682  0.0071
 0.9598  0.0072
 1.1308  0.0072
 0.2873  0.0075
 1.1407  0.0075
 0.7890  0.0075
 0.7778  0.0076
 0.2762  0.0077
 0.6167  0.0078
 0.7190  0.0079
 0.8283  0.0079
 0.7261  0.0080
 0.6070  0.0080
 0.8368  0.0082
 1.1396  0.0084
 1.1438  0.0085
 0.7781  0.0085
 0.9575  0.0086
 0.0789  0.0086
 0.7683  0.0086
 0.9379  0.0087
 0.0887  0.0088
 0.0831  0.0088
 0.3410  0.0090
 0.3313  0.0093
 0.3243  0.0094
 0.3076  0.0096
 0.7672  0.0096
 0.7574  0.0096
 0.3160  0.0097
 0.6075  0.0098
 0.5964  0.0099
 0.7281  0.0099
 0.7365  0.0100
 0.4367  0.0101
 0.4269  0.0101
 0.5474  0.0102
 0.5292  0.0102
 0.8669  0.0103
 0.8572  0.0105
 0.4383  0.0107
 0.7578  0.0108
 0.7494  0.0108
 0.3178  0.0108
 0.4467  0.0109
 0.3206  0.0109
 0.3473  0.0111
 0.3558  0.0113
 0.4275  0.0121
 0.4163  0.0123
 0.5971  0.0123
 0.7373  0.0124
 0.5874  0.0126
 0.7429  0.0126
 0.2764  0.0128
 0.2666  0.0129
 0.2456  0.0129
 0.2540  0.0130
 0.5287  0.0131
 0.5189  0.0132
 0.4475  0.0133
 0.4573  0.0135
 0.4069  0.0137
 0.5485  0.0137
 0.3971  0.0137
 0.5555  0.0138
 0.8401  0.0142
 0.8471  0.0143
 0.4086  0.0145
 0.4156  0.0146
 0.5572  0.0147
 0.5657  0.0149
 0.2631  0.0154
 0.2562  0.0155
 0.8559  0.0155
 0.8489  0.0155
 0.5691  0.0168
 0.5172  0.0168
 0.5074  0.0169
 0.5818  0.0170
 0.4558  0.0176
 0.4671  0.0178
 0.3970  0.0178
 0.3873  0.0180
 0.4871  0.0192
 0.4787  0.0192
 0.5082  0.0195
 0.4985  0.0196
 0.4986  0.0200
 0.4902  0.0200
 0.4679  0.0205
 0.4777  0.0205
 0.3565  0.0227
 0.3636  0.0228
 0.3864  0.0241
 0.3766  0.0243
 0.3786  0.0306
 0.3674  0.0307
 0.3745  0.0309
 0.3648  0.0312
 0.3718  0.0313
