# Digitized by GSYS2.4.2
# Date =  9.May.2017,  9:39:28
# Number of data = 170
# set xrange[0.0, 2.0]
# set yrange[0.0, 0.02] 
# MD5Fig : 41f912a415c0778193b5ad17f03e62d7
# Axis_X : 3fd78a6da6c3e4e53fe508afe2d422c03fea5e23989b310a3fe5148416a7cc04
# Axis_Y : 3fd78a6da6c3e4e53fe508afe2d422c03fd7a0f4ffe978a73fdfbecb207efb2d
#   x       y  
 1.5343  0.0000
 1.6835  0.0000
 1.7573  0.0001
 1.4785  0.0001
 1.5192  0.0001
 1.6669  0.0001
 1.4453  0.0001
 1.7407  0.0001
 1.7784  0.0001
 1.6141  0.0001
 1.6292  0.0001
 1.6428  0.0001
 1.3971  0.0002
 1.6895  0.0002
 1.4815  0.0002
 1.4935  0.0002
 1.6036  0.0002
 1.4347  0.0003
 1.5719  0.0003
 1.3865  0.0003
 1.4091  0.0003
 1.5161  0.0003
 1.5854  0.0003
 1.6985  0.0003
 1.5010  0.0003
 1.3669  0.0004
 1.3488  0.0004
 1.4211  0.0004
 1.7361  0.0004
 1.7195  0.0005
 1.3352  0.0005
 1.7587  0.0005
 1.3081  0.0005
 1.6969  0.0006
 1.7768  0.0006
 1.2010  0.0006
 1.7150  0.0006
 1.2929  0.0007
 1.2085  0.0008
 1.1965  0.0008
 1.2567  0.0008
 1.2175  0.0008
 1.1889  0.0009
 1.2175  0.0010
 1.2536  0.0010
 1.0743  0.0011
 1.1843  0.0011
 1.0592  0.0012
 1.0938  0.0012
 1.1481  0.0012
 1.1088  0.0014
 0.9988  0.0014
 1.1450  0.0015
 1.0546  0.0015
 0.9942  0.0016
 0.9867  0.0018
 0.8977  0.0018
 0.8872  0.0018
 0.9776  0.0019
 0.9067  0.0019
 0.9760  0.0021
 0.9685  0.0021
 0.9097  0.0022
 0.9262  0.0022
 0.9322  0.0023
 0.9458  0.0023
 0.8855  0.0024
 0.8779  0.0025
 0.9503  0.0026
 0.9638  0.0026
 0.7798  0.0029
 0.8145  0.0030
 0.8747  0.0031
 0.8174  0.0032
 0.7451  0.0033
 0.7270  0.0033
 0.8370  0.0033
 0.8581  0.0033
 0.7752  0.0033
 0.7691  0.0034
 0.8384  0.0036
 0.8565  0.0036
 0.8489  0.0037
 0.7464  0.0038
 0.7614  0.0040
 0.7221  0.0044
 0.7070  0.0045
 0.7039  0.0047
 0.6373  0.0056
 0.6341  0.0065
 0.6175  0.0065
 0.5993  0.0067
 0.6129  0.0067
 0.5870  0.0076
 0.5976  0.0076
 0.5252  0.0077
 0.5086  0.0077
 0.5040  0.0080
 0.5884  0.0080
 0.5793  0.0082
 0.4873  0.0083
 0.5264  0.0085
 0.5339  0.0086
 0.5475  0.0086
 0.5761  0.0087
 0.4887  0.0088
 0.4781  0.0088
 0.5700  0.0089
 0.4192  0.0093
 0.4373  0.0093
 0.4764  0.0094
 0.5473  0.0094
 0.4583  0.0094
 0.4387  0.0095
 0.5548  0.0095
 0.4523  0.0095
 0.5608  0.0097
 0.0813  0.0101
 0.0633  0.0102
 0.3088  0.0106
 0.3268  0.0109
 0.4154  0.0118
 0.3250  0.0118
 0.3039  0.0119
 0.3446  0.0119
 0.4048  0.0120
 0.2933  0.0120
 0.4047  0.0124
 0.3956  0.0125
 0.2931  0.0126
 0.3443  0.0127
 0.2674  0.0128
 0.3638  0.0130
 0.2674  0.0130
 0.2568  0.0131
 0.2205  0.0134
 0.2356  0.0134
 0.2160  0.0136
 0.1978  0.0137
 0.3953  0.0137
 0.3862  0.0138
 0.3650  0.0140
 0.2384  0.0140
 0.2550  0.0141
 0.3740  0.0141
 0.3769  0.0147
 0.3844  0.0147
 0.1641  0.0155
 0.1475  0.0156
 0.1986  0.0161
 0.1895  0.0163
 0.0810  0.0164
 0.0900  0.0166
 0.0594  0.0181
 0.0910  0.0182
 0.1015  0.0184
 0.1692  0.0185
 0.0079  0.0188
 0.1797  0.0188
 0.0184  0.0188
 0.1811  0.0194
 0.1901  0.0194
 0.1024  0.0203
 0.1114  0.0204
 0.1109  0.0220
 0.1486  0.0222
 0.1259  0.0222
 0.1395  0.0223
 0.1304  0.0225
 0.1349  0.0226
