# Digitized by GSYS2.4.2
# Date =  14.Sep.2017,  12:56:30
# Number of data = 60
# set xrange[0.0, 5.5]
# set yrange[0.0, 0.15] 
# MD5Fig : 48da1b3993e6838c37a5d96fac257443
# Axis_X : 3fd875a55d5622373fd5ca5ca5ca5ca63feb02b37858d5af3fd5af0e2415748a
# Axis_Y : 3fd875a55d5622373fd5ca5ca5ca5ca63fd8576d3b1ea32b3fc34aabb3289536
#   x       y  
 1.3680  0.0000
 3.4061  0.0001
 1.6612  0.0002
 1.5076  0.0002
 1.4378  0.0002
 1.4053  0.0002
 1.3308  0.0002
 1.2843  0.0003
 1.2005  0.0003
 1.1308  0.0003
 1.0889  0.0003
 1.0144  0.0003
 0.9446  0.0003
 1.6938  0.0003
 0.9074  0.0003
 0.8702  0.0004
 0.8423  0.0004
 0.7585  0.0004
 0.7073  0.0004
 0.6282  0.0004
 1.5868  0.0006
 1.0703  0.0007
 1.4845  0.0008
 1.3077  0.0012
 1.1681  0.0012
 0.9866  0.0013
 1.6800  0.0015
 1.4194  0.0015
 0.9216  0.0017
 0.4238  0.0022
 0.8612  0.0022
 0.5354  0.0023
 0.5029  0.0023
 0.7496  0.0030
 0.5728  0.0033
 0.6799  0.0040
 0.6195  0.0040
 0.4288  0.0050
 0.4941  0.0057
 0.4523  0.0067
 0.5501  0.0068
 0.3551  0.0097
 0.2481  0.0099
 0.0575  0.0117
 0.2577  0.0122
 0.4020  0.0125
 0.0065  0.0126
 0.0903  0.0128
 0.2765  0.0131
 0.3279  0.0152
 0.1791  0.0156
 0.2956  0.0167
 0.2400  0.0182
 0.2913  0.0189
 0.1331  0.0190
 0.2262  0.0193
 0.1566  0.0207
 0.2220  0.0227
 0.1116  0.0310
 0.0771  0.1455
