# Digitized by GSYS2.4.2
# Date =  9.May.2017,  10:22:21
# Number of data = 61
# set xrange[0.0, 5.5]
# set yrange[0.0, 0.15] 
# MD5Fig : 48da1b3993e6838c37a5d96fac257443
# Axis_X : 3fd8765a7ed5006f3fd5c806532c1dba3feafe2d6314aedd3fd5af0df0d9dad1
# Axis_Y : 3fd8765a7ed5006f3fd5c806532c1dba3fd85aab20ca19c83fc343baa313a8ed
#   x       y   
 1.3982  -0.0001
 1.2773  -0.0001
 1.5110   0.0000
 1.4465   0.0000
 1.1202   0.0001
 1.6641   0.0001
 0.9026   0.0001
 1.6077   0.0001
 1.5755   0.0001
 1.3619   0.0002
 1.2048   0.0002
 1.0033   0.0003
 0.9550   0.0003
 1.6923   0.0003
 0.8825   0.0003
 0.8381   0.0003
 0.7616   0.0003
 0.7052   0.0003
 1.0759   0.0004
 1.5917   0.0006
 0.6327   0.0007
 1.4869   0.0008
 1.3096   0.0009
 1.1686   0.0010
 0.9873   0.0012
 1.6804   0.0014
 0.9229   0.0014
 1.4185   0.0015
 0.8585   0.0019
 0.4274   0.0020
 0.5362   0.0023
 0.5040   0.0023
 0.7498   0.0029
 0.5726   0.0030
 0.6210   0.0038
 0.6775   0.0041
 0.4278   0.0051
 0.4964   0.0057
 0.4602   0.0062
 0.5529   0.0069
 0.4483   0.0075
 0.3558   0.0094
 0.2430   0.0095
 0.0579   0.0112
 0.2555   0.0120
 0.0137   0.0122
 0.0903   0.0123
 0.4086   0.0124
 0.2797   0.0128
 0.3365   0.0151
 0.1793   0.0153
 0.3003   0.0162
 0.1918   0.0182
 0.2322   0.0188
 0.1355   0.0188
 0.2886   0.0190
 0.1639   0.0203
 0.0956   0.0215
 0.2207   0.0229
 0.1129   0.0307
 0.0759   0.1454
