# Digitized by GSYS2.4.2
# Date =  9.May.2017,  10:17:40
# Number of data = 119
# set xrange[0.0, 4.6]
# set yrange[0.0, 0.025] 
# MD5Fig : 29e84cc1ed275b9b23fc36bc27e61dac
# Axis_X : 3fd38ec179bf5ff03fe55555555555553fe89253ece5f2bb3fe576a42d02131d
# Axis_Y : 3fd38ec179bf5ff03fe55555555555553fd3d52eeb17825a3fdf0e2415748a7c
#   x       y  
 2.5891  0.0001
 1.3448  0.0001
 1.6008  0.0001
 1.6838  0.0001
 1.2005  0.0001
 1.4565  0.0001
 1.7234  0.0001
 1.7595  0.0001
 1.6368  0.0001
 1.3952  0.0001
 1.4240  0.0001
 1.3627  0.0001
 1.5610  0.0002
 1.2867  0.0003
 1.7663  0.0003
 1.4814  0.0003
 1.5426  0.0004
 1.6616  0.0004
 1.5173  0.0004
 1.2107  0.0004
 1.5857  0.0005
 1.4919  0.0005
 1.0266  0.0005
 1.3944  0.0006
 1.1852  0.0006
 1.3186  0.0006
 1.3798  0.0006
 1.1670  0.0006
 0.9397  0.0007
 1.6718  0.0007
 1.2316  0.0009
 1.7401  0.0009
 1.1197  0.0009
 1.4118  0.0010
 0.8887  0.0010
 0.9428  0.0010
 0.9211  0.0010
 1.3610  0.0011
 1.1517  0.0012
 1.0397  0.0013
 0.9854  0.0014
 0.9060  0.0014
 0.9601  0.0014
 1.3388  0.0014
 1.1008  0.0014
 1.3207  0.0015
 1.3748  0.0015
 1.0574  0.0015
 0.8337  0.0015
 1.1583  0.0016
 1.2303  0.0016
 1.0031  0.0016
 1.2592  0.0016
 0.9201  0.0016
 0.8803  0.0017
 0.8656  0.0019
 0.6275  0.0019
 0.6455  0.0019
 0.8077  0.0020
 1.0602  0.0020
 1.0778  0.0022
 1.2436  0.0023
 0.8395  0.0024
 0.7956  0.0027
 0.7772  0.0029
 0.7591  0.0030
 0.7898  0.0040
 0.8506  0.0043
 0.6806  0.0046
 0.6261  0.0048
 0.6728  0.0049
 0.6043  0.0049
 0.6475  0.0050
 0.6871  0.0050
 0.6617  0.0051
 0.7293  0.0056
 0.0944  0.0057
 0.6567  0.0059
 0.5843  0.0061
 0.7496  0.0064
 0.7314  0.0065
 0.5065  0.0073
 0.5139  0.0092
 0.4092  0.0094
 0.5785  0.0095
 0.3908  0.0096
 0.5314  0.0096
 0.0148  0.0101
 0.5408  0.0104
 0.3133  0.0106
 0.2045  0.0109
 0.0205  0.0109
 0.5683  0.0112
 0.3264  0.0114
 0.0264  0.0117
 0.2464  0.0117
 0.1057  0.0117
 0.4085  0.0118
 0.3427  0.0124
 0.0397  0.0124
 0.4645  0.0128
 0.0491  0.0132
 0.3014  0.0133
 0.2215  0.0136
 0.3874  0.0136
 0.3513  0.0137
 0.4304  0.0138
 0.4432  0.0148
 0.4856  0.0153
 0.0848  0.0155
 0.1625  0.0165
 0.2593  0.0169
 0.2773  0.0169
 0.1162  0.0183
 0.1331  0.0189
 0.1389  0.0198
 0.2792  0.0200
 0.3005  0.0201
 0.1916  0.0248
