# Digitized by GSYS2.4.2
# Date =  12.Sep.2017,  15:56:55
# Number of data = 142
# set xrange[0.0, 4.6]
# set yrange[0.0, 0.025] 
# MD5Fig : 29e84cc1ed275b9b23fc36bc27e61dac
# Axis_X : 3fd38ae11bab1d483fe553965eb7c2e43fe89717ab4d984a3fe576fba560cd80
# Axis_Y : 3fd38ae11bab1d483fe553965eb7c2e43fd3d560cb705ffd3fdf128cfc4a33f1
#   x       y  
 1.1846  0.0001
 1.2124  0.0001
 1.7579  0.0001
 2.9114  0.0001
 1.3375  0.0001
 1.3618  0.0001
 1.4313  0.0001
 1.4521  0.0001
 1.6814  0.0001
 1.7196  0.0001
 1.5980  0.0001
 1.6397  0.0001
 1.3929  0.0002
 1.5562  0.0002
 1.2851  0.0003
 1.7679  0.0003
 1.4795  0.0003
 1.5419  0.0004
 1.6566  0.0004
 1.5106  0.0004
 1.5800  0.0004
 1.2117  0.0005
 1.0241  0.0005
 1.7571  0.0005
 1.4305  0.0005
 1.4895  0.0005
 1.5069  0.0005
 1.3193  0.0006
 1.3922  0.0006
 1.7188  0.0006
 1.1837  0.0006
 1.4165  0.0006
 1.3782  0.0006
 1.1697  0.0006
 0.9369  0.0007
 1.6560  0.0007
 1.6768  0.0007
 1.2736  0.0008
 1.2318  0.0009
 1.1172  0.0009
 1.4159  0.0009
 0.9364  0.0009
 1.7355  0.0009
 0.8877  0.0009
 0.9051  0.0009
 1.1307  0.0011
 0.9223  0.0011
 0.9569  0.0011
 1.3355  0.0012
 1.1514  0.0012
 1.3216  0.0012
 1.2625  0.0012
 1.0435  0.0013
 1.1024  0.0014
 0.9738  0.0014
 1.3698  0.0014
 0.9564  0.0014
 1.1717  0.0014
 0.9910  0.0015
 1.0188  0.0015
 1.0605  0.0015
 1.2306  0.0015
 0.8380  0.0016
 1.1576  0.0016
 0.9178  0.0016
 1.0047  0.0016
 1.2618  0.0016
 0.8830  0.0016
 1.0947  0.0018
 0.8689  0.0018
 1.2406  0.0018
 0.6428  0.0019
 0.6324  0.0019
 1.0596  0.0020
 1.0839  0.0020
 0.8025  0.0020
 1.0731  0.0022
 1.2467  0.0023
 0.8401  0.0023
 0.8502  0.0025
 0.8049  0.0025
 0.7942  0.0027
 0.7731  0.0029
 0.7555  0.0030
 0.8652  0.0038
 0.7887  0.0038
 0.8508  0.0041
 0.6762  0.0046
 0.6237  0.0048
 0.6061  0.0049
 0.6443  0.0049
 0.6824  0.0050
 0.6579  0.0051
 0.7264  0.0056
 0.0904  0.0057
 0.6566  0.0058
 0.5830  0.0061
 0.7320  0.0064
 0.7493  0.0064
 0.5079  0.0073
 0.5150  0.0092
 0.4139  0.0094
 0.5804  0.0095
 0.5352  0.0095
 0.3857  0.0096
 0.0130  0.0101
 0.5404  0.0105
 0.3144  0.0106
 0.0185  0.0109
 0.2060  0.0110
 0.0287  0.0110
 0.5672  0.0111
 0.3303  0.0114
 0.1041  0.0116
 0.0310  0.0117
 0.2498  0.0118
 0.0378  0.0118
 0.4095  0.0118
 0.1140  0.0119
 0.2628  0.0123
 0.3424  0.0124
 0.0401  0.0124
 0.4291  0.0125
 0.0502  0.0126
 0.4667  0.0128
 0.0490  0.0133
 0.2256  0.0136
 0.3505  0.0137
 0.3853  0.0137
 0.4302  0.0138
 0.4429  0.0145
 0.4837  0.0150
 0.0797  0.0155
 0.1541  0.0166
 0.1715  0.0166
 0.2578  0.0169
 0.2856  0.0169
 0.1124  0.0185
 0.1457  0.0194
 0.3011  0.0199
 0.2836  0.0199
 0.1902  0.0236
