# Digitized by GSYS2.4.2
# Date =  22.Aug.2017,  16:23:54
# Number of data = 271
# set xrange[0.0, 2.4]
# set yrange[0.0, 0.015] 
# MD5Fig : c85f6ff71450d03b16b1c17d02e0402b
# Axis_X : 3fd46870d8159bc33fe50f1dbea8b7583fe8f27ea643d3953fe5229ef6bc3890
# Axis_Y : 3fd46870d8159bc33fe50f1dbea8b7583fd48b320ba22dca3fe02ed177d25804
#   x       y  
 1.5396  0.0000
 1.3747  0.0000
 1.9997  0.0000
 1.6022  0.0001
 1.5214  0.0001
 1.3631  0.0001
 1.4241  0.0001
 1.5626  0.0001
 0.0203  0.0001
 1.4389  0.0002
 1.3531  0.0002
 0.0263  0.0003
 1.4223  0.0003
 1.4421  0.0003
 1.5212  0.0003
 1.4124  0.0004
 0.0371  0.0004
 1.4519  0.0004
 1.4833  0.0004
 1.5080  0.0004
 1.5425  0.0006
 1.5606  0.0006
 0.0386  0.0006
 1.2638  0.0006
 1.2522  0.0006
 0.0484  0.0007
 1.4104  0.0007
 1.6215  0.0008
 1.3725  0.0008
 1.4532  0.0009
 1.3180  0.0009
 1.3295  0.0009
 1.3774  0.0009
 1.3922  0.0009
 1.2636  0.0009
 0.0483  0.0009
 1.2734  0.0010
 1.2965  0.0010
 1.4630  0.0010
 1.3080  0.0010
 0.0514  0.0011
 1.3871  0.0011
 0.0596  0.0012
 1.5997  0.0012
 1.2238  0.0012
 1.3359  0.0013
 1.2138  0.0013
 1.4826  0.0013
 1.3507  0.0013
 1.6145  0.0013
 1.2550  0.0014
 1.4726  0.0014
 1.1807  0.0014
 1.2434  0.0015
 1.2219  0.0015
 1.2334  0.0016
 1.2927  0.0016
 1.6176  0.0016
 1.1756  0.0017
 1.4625  0.0017
 1.1623  0.0018
 1.2744  0.0018
 1.4707  0.0018
 1.2843  0.0018
 1.2348  0.0019
 0.0623  0.0020
 1.2447  0.0020
 0.0705  0.0020
 1.2147  0.0023
 1.2048  0.0023
 1.1091  0.0024
 1.1041  0.0025
 1.1139  0.0026
 1.1238  0.0026
 1.0924  0.0027
 1.0346  0.0028
 1.1022  0.0028
 1.0247  0.0028
 1.0857  0.0029
 0.9553  0.0030
 0.9751  0.0030
 1.1630  0.0031
 0.9766  0.0032
 1.1827  0.0032
 1.1448  0.0032
 0.9947  0.0033
 1.1942  0.0033
 0.0712  0.0034
 0.0777  0.0035
 1.0753  0.0035
 1.0836  0.0035
 0.7224  0.0036
 0.7339  0.0036
 1.0718  0.0038
 1.0635  0.0038
 1.0240  0.0038
 0.7650  0.0039
 0.7848  0.0039
 1.0140  0.0039
 1.1921  0.0040
 1.1244  0.0040
 1.1409  0.0040
 1.2036  0.0040
 1.0336  0.0041
 1.0419  0.0041
 0.9246  0.0043
 0.9131  0.0044
 0.7332  0.0046
 0.9261  0.0047
 1.0645  0.0047
 0.7430  0.0047
 1.0546  0.0047
 0.9326  0.0047
 0.7857  0.0049
 0.8005  0.0050
 0.9950  0.0051
 0.5712  0.0051
 0.5811  0.0051
 0.1308  0.0052
 1.0031  0.0052
 0.1209  0.0053
 1.0443  0.0053
 1.0542  0.0053
 0.1258  0.0054
 0.8331  0.0055
 0.8446  0.0055
 0.1173  0.0057
 0.1091  0.0057
 0.9121  0.0057
 0.9038  0.0058
 1.0044  0.0058
 1.0126  0.0058
 0.0792  0.0059
 0.0874  0.0060
 0.7205  0.0061
 0.7633  0.0062
 0.8326  0.0062
 0.7534  0.0062
 0.8936  0.0062
 0.9035  0.0062
 0.7122  0.0063
 0.8226  0.0063
 0.5817  0.0066
 0.5915  0.0066
 0.7415  0.0067
 0.9543  0.0067
 0.9328  0.0067
 0.7514  0.0067
 0.4579  0.0067
 0.5089  0.0068
 0.5172  0.0068
 0.4775  0.0069
 0.1295  0.0070
 0.1377  0.0071
 0.5087  0.0072
 0.1079  0.0073
 0.4970  0.0073
 0.0996  0.0073
 0.2956  0.0076
 0.2874  0.0076
 0.0878  0.0076
 0.0977  0.0077
 0.5710  0.0077
 0.7111  0.0078
 0.5593  0.0078
 0.7027  0.0079
 0.1420  0.0080
 0.1485  0.0081
 0.6118  0.0082
 0.6316  0.0082
 0.8014  0.0083
 0.8096  0.0083
 0.1499  0.0084
 0.8836  0.0085
 0.8919  0.0085
 0.1597  0.0085
 0.8126  0.0086
 0.8209  0.0087
 0.8407  0.0087
 0.1595  0.0088
 0.8437  0.0090
 0.1693  0.0090
 0.8519  0.0091
 0.6107  0.0097
 0.4062  0.0097
 0.3963  0.0097
 0.5595  0.0097
 0.6007  0.0098
 0.5496  0.0098
 0.8810  0.0099
 0.5924  0.0100
 0.8710  0.0100
 0.6006  0.0100
 0.2955  0.0101
 0.3053  0.0102
 0.8724  0.0104
 0.6629  0.0105
 0.6711  0.0105
 0.8624  0.0105
 0.3264  0.0105
 0.3462  0.0106
 0.3477  0.0108
 0.5488  0.0109
 0.3971  0.0109
 0.3658  0.0109
 0.1695  0.0109
 0.8489  0.0109
 0.5174  0.0110
 0.5389  0.0110
 0.6609  0.0110
 0.4795  0.0110
 0.8604  0.0110
 0.3855  0.0110
 0.2486  0.0110
 0.2601  0.0110
 0.4959  0.0110
 0.1760  0.0111
 0.6525  0.0111
 0.5272  0.0111
 0.7016  0.0117
 0.6916  0.0118
 0.4063  0.0119
 0.4145  0.0119
 0.2494  0.0122
 0.2377  0.0124
 0.5394  0.0125
 0.5295  0.0125
 0.3677  0.0128
 0.3758  0.0129
 0.2767  0.0132
 0.2866  0.0132
 0.3772  0.0133
 0.3871  0.0133
 0.6278  0.0134
 0.4151  0.0134
 0.3029  0.0134
 0.6706  0.0134
 0.3078  0.0135
 0.4216  0.0135
 0.6326  0.0135
 0.6739  0.0135
 0.2021  0.0137
 0.2186  0.0137
 0.4195  0.0141
 0.6338  0.0142
 0.6503  0.0142
 0.4325  0.0144
 0.4602  0.0148
 0.4485  0.0150
 0.4287  0.0150
 0.6727  0.0150
 0.4368  0.0151
 0.6809  0.0151
 0.3296  0.0152
 0.3197  0.0153
 0.2603  0.0153
 0.2668  0.0154
 0.2007  0.0156
 0.1907  0.0157
 0.1824  0.0158
 0.1889  0.0159
 0.3093  0.0160
 0.3192  0.0160
 0.4405  0.0168
 0.4488  0.0168
 0.6845  0.0169
 0.6944  0.0169
 0.2211  0.0170
 0.2375  0.0172
 0.2682  0.0180
 0.2797  0.0180
