# Digitized by GSYS2.4.2
# Date =  3.May.2017,  15:4:58
# Number of data = 256
# set xrange[0.0, 2.4]
# set yrange[0.0, 0.015] 
# MD5Fig : 1ad03fbda6df40ec0f92c821bd6e0845
# Axis_X : 3fd46870d8159bc33fe51111111111113fe8f27249133a4f3fe523010e418bf6
# Axis_Y : 3fd46870d8159bc33fe51111111111113fd488740b9ac2ad3fe02ecfb9c86953
#   x        y   
 1.60091  0.00004
 1.56566  0.00005
 1.54340  0.00007
 2.03483  0.00007
 1.36722  0.00008
 1.52484  0.00009
 0.01948  0.00011
 1.42462  0.00021
 1.35040  0.00027
 1.52284  0.00031
 0.03085  0.00036
 0.03854  0.00036
 1.41154  0.00036
 1.45419  0.00036
 1.48386  0.00037
 1.50608  0.00041
 1.54309  0.00052
 1.55977  0.00054
 1.26301  0.00060
 0.05016  0.00064
 0.03835  0.00064
 1.25183  0.00069
 1.40941  0.00076
 1.37413  0.00083
 1.45198  0.00087
 1.32402  0.00088
 1.39263  0.00089
 0.04811  0.00092
 1.26280  0.00092
 1.60029  0.00095
 1.27386  0.00101
 1.30908  0.00103
 1.29238  0.00105
 1.38878  0.00110
 1.46481  0.00111
 0.05169  0.00111
 0.06091  0.00120
 1.22364  0.00124
 1.33861  0.00125
 1.48325  0.00126
 1.35157  0.00127
 1.21619  0.00128
 1.61116  0.00134
 1.25509  0.00135
 1.47389  0.00139
 1.18273  0.00140
 1.24574  0.00145
 1.22711  0.00158
 1.61282  0.00161
 1.29199  0.00163
 1.62023  0.00164
 1.46436  0.00177
 1.16392  0.00179
 1.27333  0.00180
 1.47175  0.00181
 1.28444  0.00182
 1.23617  0.00190
 1.24354  0.00196
 0.06223  0.00199
 0.07144  0.00207
 1.21555  0.00222
 1.20620  0.00234
 1.11157  0.00242
 1.10406  0.00255
 1.12256  0.00261
 1.09282  0.00272
 1.03346  0.00273
 1.10202  0.00283
 1.02598  0.00284
 1.08530  0.00287
 0.97581  0.00299
 0.95348  0.00309
 1.16488  0.00311
 1.18709  0.00317
 0.97752  0.00320
 0.99418  0.00324
 1.14438  0.00326
 1.19808  0.00337
 0.07053  0.00342
 1.07565  0.00342
 1.08674  0.00349
 0.07789  0.00350
 0.73058  0.00362
 1.07360  0.00372
 0.72492  0.00377
 1.06427  0.00380
 1.02531  0.00382
 0.76377  0.00390
 0.78230  0.00393
 1.01224  0.00395
 1.14016  0.00400
 1.19950  0.00401
 1.12532  0.00402
 1.03810  0.00410
 1.04359  0.00421
 0.92481  0.00435
 0.91367  0.00437
 0.73177  0.00460
 0.92648  0.00462
 1.06740  0.00466
 0.74282  0.00471
 1.05623  0.00472
 0.93382  0.00473
 0.78532  0.00495
 0.80199  0.00497
 0.58306  0.00512
 0.99289  0.00514
 0.57192  0.00514
 1.00397  0.00520
 1.04470  0.00532
 1.05581  0.00534
 0.11930  0.00534
 0.13038  0.00540
 0.83315  0.00551
 0.84612  0.00553
 0.10979  0.00568
 0.12092  0.00568
 0.91088  0.00575
 1.00545  0.00576
 1.01472  0.00576
 0.90342  0.00581
 0.08001  0.00585
 0.08735  0.00595
 0.83275  0.00611
 0.76411  0.00614
 0.72144  0.00616
 0.75479  0.00621
 0.90314  0.00622
 0.82523  0.00625
 0.71395  0.00627
 0.89383  0.00628
 0.58022  0.00657
 0.58946  0.00662
 0.74335  0.00667
 0.75262  0.00667
 0.93248  0.00671
 0.95288  0.00671
 0.45957  0.00673
 0.50774  0.00680
 0.51887  0.00680
 0.47799  0.00693
 0.13113  0.00702
 0.13848  0.00713
 0.50751  0.00714
 0.10872  0.00726
 0.49814  0.00729
 0.09755  0.00732
 0.29584  0.00753
 0.28838  0.00759
 0.08995  0.00760
 0.57205  0.00768
 0.09916  0.00768
 0.71298  0.00769
 0.56088  0.00774
 0.70360  0.00786
 0.13974  0.00801
 0.15079  0.00811
 0.61440  0.00813
 0.63104  0.00820
 0.80347  0.00826
 0.15059  0.00841
 0.89418  0.00850
 0.15979  0.00852
 0.88301  0.00856
 0.81803  0.00866
 0.16143  0.00884
 0.84195  0.00894
 0.17061  0.00897
 0.85296  0.00911
 0.39825  0.00965
 0.61150  0.00967
 0.40749  0.00969
 0.56139  0.00973
 0.60029  0.00980
 0.55019  0.00983
 0.88208  0.00993
 0.87278  0.00997
 0.58903  0.00999
 0.59829  0.01001
 0.29596  0.01009
 0.30704  0.01015
 0.87251  0.01037
 0.86318  0.01046
 0.66288  0.01048
 0.66473  0.01048
 0.67213  0.01051
 0.32719  0.01052
 0.34759  0.01052
 0.54951  0.01084
 0.34923  0.01084
 0.39744  0.01084
 0.36589  0.01088
 0.85176  0.01088
 0.86286  0.01093
 0.16928  0.01093
 0.51977  0.01094
 0.53832  0.01094
 0.38810  0.01095
 0.66256  0.01095
 0.48080  0.01098
 0.24899  0.01098
 0.49564  0.01098
 0.26012  0.01098
 0.65324  0.01102
 0.65324  0.01102
 0.17848  0.01104
 0.70285  0.01170
 0.69168  0.01176
 0.40603  0.01185
 0.41525  0.01193
 0.25004  0.01217
 0.36685  0.01220
 0.23879  0.01234
 0.52984  0.01250
 0.54095  0.01252
 0.36828  0.01282
 0.37749  0.01291
 0.28834  0.01311
 0.27900  0.01322
 0.37723  0.01329
 0.38835  0.01332
 0.30673  0.01335
 0.63125  0.01336
 0.41612  0.01338
 0.67018  0.01338
 0.20455  0.01362
 0.22306  0.01366
 0.41935  0.01409
 0.63815  0.01413
 0.64926  0.01415
 0.65110  0.01417
 0.43219  0.01430
 0.31164  0.01431
 0.46152  0.01479
 0.43168  0.01505
 0.67462  0.01505
 0.45019  0.01509
 0.33146  0.01516
 0.68379  0.01520
 0.32211  0.01527
 0.26274  0.01531
 0.27010  0.01539
 0.20326  0.01552
 0.19205  0.01564
 0.18266  0.01581
 0.19186  0.01592
 0.31236  0.01597
 0.31978  0.01597
 0.43977  0.01679
 0.44902  0.01682
 0.68263  0.01690
 0.69561  0.01690
 0.22266  0.01699
 0.23738  0.01716
 0.27022  0.01795
 0.28135  0.01795
