# Digitized by GSYS2.4.2
# Date =  23.Aug.2017,  11:3:22
# Number of data = 248
# set xrange[0.0, 2.2]
# set yrange[0.0, 0.025] 
# MD5Fig : 0338b51186af4554dbf28b7706ae9a3f
# Axis_X : 3fd8a8ddafc4c6e13fd5a740da740da73feafc4a0488742d3fd59a5fee355496
# Axis_Y : 3fd8a8ddafc4c6e13fd5a740da740da73fd89c0f9b291db63fc5ab277f44c119
#   x       y  
 0.4752  0.0000
 1.5982  0.0000
 1.3248  0.0000
 1.3057  0.0000
 1.2761  0.0000
 1.8628  0.0000
 0.5762  0.0000
 0.9018  0.0000
 0.8896  0.0001
 1.4955  0.0001
 1.4659  0.0001
 0.1688  0.0001
 0.1583  0.0001
 1.2256  0.0001
 0.6058  0.0001
 1.1856  0.0001
 0.5657  0.0001
 1.0306  0.0001
 1.0167  0.0001
 0.8374  0.0001
 1.4380  0.0001
 0.8182  0.0001
 1.4067  0.0001
 0.7677  0.0001
 0.7555  0.0001
 0.6284  0.0001
 1.1978  0.0001
 0.5379  0.0001
 1.1490  0.0001
 0.5292  0.0001
 1.1003  0.0001
 1.0585  0.0001
 1.3945  0.0001
 1.1560  0.0001
 0.4961  0.0001
 0.9035  0.0002
 0.9088  0.0003
 0.7765  0.0003
 1.1386  0.0003
 1.0986  0.0004
 1.2779  0.0004
 1.3858  0.0004
 1.6209  0.0005
 1.2849  0.0005
 0.8148  0.0006
 0.9088  0.0006
 0.8079  0.0007
 1.1178  0.0008
 1.5966  0.0009
 0.9298  0.0009
 1.3842  0.0009
 1.3668  0.0010
 1.4678  0.0011
 1.6071  0.0011
 0.8079  0.0012
 1.4765  0.0012
 0.7975  0.0013
 1.6175  0.0014
 1.6106  0.0014
 1.4365  0.0014
 1.3668  0.0014
 1.1840  0.0014
 1.4260  0.0015
 1.3547  0.0015
 1.1771  0.0016
 1.4052  0.0016
 0.9299  0.0017
 1.3460  0.0017
 1.4174  0.0018
 0.0071  0.0018
 0.9491  0.0019
 1.3077  0.0019
 0.0106  0.0019
 0.1569  0.0021
 0.1482  0.0023
 1.2904  0.0023
 0.0090  0.0024
 0.2544  0.0024
 0.2475  0.0024
 0.9875  0.0025
 0.0177  0.0025
 0.9805  0.0026
 1.4959  0.0026
 1.4889  0.0027
 1.4193  0.0027
 1.2243  0.0028
 1.4245  0.0029
 1.0189  0.0029
 0.0212  0.0030
 1.2156  0.0030
 1.0084  0.0030
 0.0282  0.0031
 1.3288  0.0032
 1.3445  0.0032
 0.9702  0.0032
 0.9789  0.0033
 1.4786  0.0034
 1.4873  0.0034
 1.1965  0.0035
 0.0301  0.0038
 1.2088  0.0038
 0.0370  0.0039
 0.1485  0.0041
 0.1381  0.0042
 0.6290  0.0042
 1.1374  0.0042
 1.1218  0.0042
 0.6465  0.0042
 0.1712  0.0044
 0.5768  0.0044
 1.1566  0.0044
 0.1782  0.0045
 0.5890  0.0045
 1.0295  0.0045
 0.0406  0.0045
 0.0476  0.0047
 1.1671  0.0047
 1.0348  0.0047
 0.3436  0.0049
 0.3262  0.0049
 1.0592  0.0051
 0.0494  0.0053
 1.0488  0.0053
 0.0564  0.0054
 1.1777  0.0054
 1.1690  0.0054
 0.8887  0.0055
 0.8782  0.0056
 0.6484  0.0056
 1.2073  0.0057
 0.6554  0.0058
 1.2143  0.0058
 0.6572  0.0059
 0.0600  0.0060
 0.6676  0.0061
 0.0670  0.0061
 0.7983  0.0066
 0.7774  0.0066
 0.0688  0.0068
 0.2133  0.0068
 0.0775  0.0069
 0.1977  0.0069
 0.5267  0.0069
 0.9881  0.0069
 0.2447  0.0069
 0.5163  0.0071
 0.2360  0.0071
 0.9969  0.0071
 0.0793  0.0073
 0.0881  0.0074
 0.1177  0.0076
 0.0916  0.0076
 0.1369  0.0079
 0.1265  0.0080
 0.8403  0.0083
 0.4051  0.0084
 1.0075  0.0084
 0.9988  0.0084
 0.3946  0.0085
 0.8473  0.0085
 0.7098  0.0086
 0.6959  0.0086
 1.0389  0.0088
 0.9692  0.0088
 0.9518  0.0088
 1.0476  0.0089
 0.8805  0.0090
 0.8683  0.0090
 0.4070  0.0097
 0.4140  0.0099
 0.5656  0.0107
 0.5569  0.0108
 0.8668  0.0109
 0.8581  0.0110
 0.4159  0.0111
 0.4247  0.0113
 0.7067  0.0113
 0.3933  0.0114
 0.5396  0.0115
 0.7572  0.0115
 0.7172  0.0115
 0.3847  0.0115
 0.7468  0.0116
 0.5466  0.0116
 0.6965  0.0125
 0.6059  0.0125
 0.5990  0.0126
 0.6860  0.0126
 0.2839  0.0127
 0.2960  0.0128
 0.4266  0.0128
 0.4354  0.0130
 0.8497  0.0130
 0.8567  0.0131
 0.1969  0.0136
 0.1883  0.0137
 0.7472  0.0139
 0.7367  0.0141
 0.7368  0.0147
 0.1779  0.0147
 0.1849  0.0147
 0.7281  0.0147
 0.5976  0.0148
 0.5888  0.0148
 0.1292  0.0148
 0.7177  0.0148
 0.6672  0.0148
 0.1188  0.0149
 0.1223  0.0150
 0.7264  0.0150
 0.6777  0.0150
 0.4740  0.0154
 0.4636  0.0156
 0.4358  0.0160
 0.4498  0.0161
 0.4620  0.0162
 0.2931  0.0162
 0.2548  0.0162
 0.3453  0.0162
 0.3035  0.0163
 0.3523  0.0164
 0.2635  0.0164
 0.3558  0.0166
 0.3611  0.0166
 0.3646  0.0171
 0.3855  0.0173
 0.3768  0.0173
 0.6799  0.0182
 0.6886  0.0182
 0.2848  0.0191
 0.2726  0.0192
 0.5565  0.0194
 0.5460  0.0194
 0.3235  0.0216
 0.3183  0.0217
 0.2194  0.0238
 0.4979  0.0239
 0.2246  0.0239
 0.5049  0.0240
 0.3082  0.0242
 0.3187  0.0243
 0.3135  0.0244
 0.2752  0.0245
 0.2665  0.0245
 0.2282  0.0245
 0.2351  0.0246
 0.5176  0.0270
 0.5089  0.0270
