# Digitized by GSYS2.4.7
# Date =  4.May.2015,  17:44:26
# Number of data = 88
# set xrange[40.0, 120.0]
# set yrange[2000.0, 8000.0] 
# MD5Fig : 9df990b80746e1e45a8ffee9a6ac4e55
# Axis_X : 3fd23be4f37106c33fed515a4f1d1b9d3fe9163807ba71fe3fed515a4f1d1b9d
# Axis_Y : 3fc40b97aafd1a153fd9b3df290cb0243fc40b97aafd1a153fbe69fb859900bf
#    x          y    
  4.950E+01  3.773E+02
  5.054E+01  4.625E+02
  5.186E+01  5.193E+02
  5.269E+01  8.103E+02
  5.352E+01  1.229E+03
  5.477E+01  1.847E+03
  5.574E+01  1.946E+03
  5.672E+01  1.761E+03
  5.776E+01  1.662E+03
  5.866E+01  2.571E+03
  5.949E+01  5.332E+03
  6.060E+01  7.859E+03
  6.157E+01  6.311E+03
  6.275E+01  3.160E+03
  6.365E+01  1.818E+03
  6.435E+01  1.563E+03
  6.560E+01  1.414E+03
  6.671E+01  1.449E+03
  6.796E+01  1.584E+03
  6.886E+01  1.627E+03
  6.955E+01  1.953E+03
  7.052E+01  2.386E+03
  7.177E+01  3.075E+03
  7.233E+01  3.657E+03
  7.351E+01  4.870E+03
  7.441E+01  6.013E+03
  7.566E+01  7.106E+03
  7.698E+01  7.227E+03
  7.781E+01  6.610E+03
  7.851E+01  5.630E+03
  7.975E+01  4.643E+03
  8.066E+01  3.983E+03
  8.156E+01  3.444E+03
  8.267E+01  3.209E+03
  8.343E+01  2.997E+03
  8.468E+01  2.975E+03
  8.544E+01  2.947E+03
  8.662E+01  2.897E+03
  8.787E+01  2.997E+03
  8.864E+01  2.847E+03
  8.989E+01  2.840E+03
  9.058E+01  2.748E+03
  9.190E+01  2.585E+03
  9.245E+01  2.485E+03
  9.370E+01  2.443E+03
  9.488E+01  2.329E+03
  9.606E+01  2.265E+03
  9.689E+01  2.202E+03
  9.794E+01  2.024E+03
  9.912E+01  1.918E+03
  9.974E+01  1.726E+03
  1.010E+02  1.676E+03
  1.016E+02  1.520E+03
  1.031E+02  1.449E+03
  1.037E+02  1.343E+03
  1.048E+02  1.279E+03
  1.057E+02  1.172E+03
  1.062E+02  1.009E+03
  1.079E+02  9.806E+02
  1.085E+02  9.097E+02
  1.099E+02  9.452E+02
  1.107E+02  8.529E+02
  1.120E+02  8.600E+02
  1.131E+02  7.890E+02
  1.141E+02  7.819E+02
  1.148E+02  6.612E+02
  1.156E+02  7.180E+02
  1.170E+02  6.257E+02
  1.179E+02  5.902E+02
  1.187E+02  5.832E+02
  1.198E+02  5.619E+02
  1.209E+02  5.406E+02
  1.223E+02  4.838E+02
  1.233E+02  4.980E+02
  1.245E+02  4.767E+02
  1.260E+02  5.051E+02
  1.269E+02  4.341E+02
  1.280E+02  3.915E+02
  1.292E+02  3.844E+02
  1.304E+02  3.560E+02
  1.314E+02  4.199E+02
  1.317E+02  2.850E+02
  1.331E+02  3.489E+02
  1.342E+02  2.637E+02
  1.354E+02  2.992E+02
  1.371E+02  3.063E+02
  1.383E+02  2.708E+02
  1.397E+02  2.566E+02
