# Digitized by GSYS2.4.7
# Date =  4.May.2015,  16:12:33
# Number of data = 52
# set xrange[0.0, 2.0]
# set yrange[100.0, 10000.0] 
# Set Logscale y
# MD5Fig : 56c0a4f2bcc5ae646b3f556d8858e285
# Axis_X : 3fbd9d9d9d9d9d9e3fee304d4873ecae3fec0c23a777ca563fee49a64737050e
# Axis_Y : 3fb61616161616163fe94fe2469856333fb71717171717173fd0d011d5a49914
#    x          y    
 -5.534E-02  1.444E+03
 -1.479E-02  1.957E+04
  3.146E-02  2.086E+03
  8.403E-02  1.324E+03
  1.162E-01  7.495E+02
  1.679E-01  7.130E+02
  2.196E-01  6.530E+02
  2.714E-01  5.981E+02
  3.125E-01  6.216E+02
  3.384E-01  5.837E+02
  3.953E-01  5.346E+02
  4.419E-01  5.022E+02
  4.832E-01  4.717E+02
  5.352E-01  3.904E+02
  5.868E-01  3.809E+02
  6.232E-01  3.581E+02
  6.698E-01  2.971E+02
  7.242E-01  2.655E+02
  7.744E-01  2.580E+02
  8.127E-01  2.374E+02
  8.570E-01  2.283E+02
  9.051E-01  2.307E+02
  9.473E-01  2.219E+02
  1.002E+00  2.210E+02
  1.043E+00  2.393E+02
  1.074E+00  2.394E+02
  1.132E+00  2.129E+02
  1.184E+00  2.260E+02
  1.224E+00  2.495E+02
  1.264E+00  2.319E+02
  1.315E+00  2.092E+02
  1.363E+00  2.167E+02
  1.409E+00  2.054E+02
  1.445E+00  1.928E+02
  1.492E+00  1.731E+02
  1.538E+00  1.616E+02
  1.578E+00  1.458E+02
  1.629E+00  1.271E+02
  1.673E+00  1.119E+02
  1.723E+00  1.109E+02
  1.764E+00  1.083E+02
  1.802E+00  1.094E+02
  1.855E+00  1.464E+02
  1.894E+00  1.245E+02
  1.946E+00  1.423E+02
  1.992E+00  1.602E+02
  2.042E+00  1.475E+02
  2.083E+00  1.194E+02
  2.129E+00  9.293E+01
  2.172E+00  7.058E+01
  2.212E+00  6.305E+01
  2.267E+00  4.719E+01
