# Digitized by GSYS2.4.7
# Date =  4.May.2015,  16:9:30
# Number of data = 48
# set xrange[0.0, 100.0]
# set yrange[100.0, 1000.0] 
# Set Logscale y
# MD5Fig : 56c0a4f2bcc5ae646b3f556d8858e285
# Axis_X : 3fde1e1e1e1e1e1e3fe1e1885c2527c23feafafafafafafb3fe1ed6c1f35e00c
# Axis_Y : 3fd93939393939393fdaf005f1e1885c3fd957fef60052123fc41077dcd67d96
#    x          y    
 -1.779E+01  2.084E+02
 -1.475E+01  3.502E+02
 -1.174E+01  7.115E+02
 -8.701E+00  1.196E+03
 -6.687E+00  1.816E+03
 -4.100E+00  2.224E+03
 -4.266E-01  2.340E+03
  2.745E+00  2.198E+03
  7.019E+00  1.644E+03
  9.692E+00  1.360E+03
  1.392E+01  1.230E+03
  1.500E+01  1.126E+03
  1.924E+01  9.677E+02
  2.298E+01  7.422E+02
  2.567E+01  5.838E+02
  2.786E+01  3.847E+02
  3.112E+01  2.440E+02
  3.440E+01  1.382E+02
  3.861E+01  1.418E+02
  4.025E+01  1.060E+02
  4.394E+01  1.034E+02
  4.607E+01  9.348E+01
  5.027E+01  9.838E+01
  5.344E+01  9.123E+01
  5.654E+01  1.206E+02
  5.921E+01  1.010E+02
  6.288E+01  1.050E+02
  6.653E+01  1.254E+02
  7.024E+01  1.134E+02
  7.125E+01  1.336E+02
  7.597E+01  1.443E+02
  7.760E+01  1.179E+02
  8.130E+01  1.093E+02
  8.499E+01  1.026E+02
  8.974E+01  1.001E+02
  9.395E+01  9.893E+01
  9.771E+01  7.123E+01
  9.821E+01  7.983E+01
  1.035E+02  6.776E+01
  1.061E+02  8.730E+01
  1.098E+02  6.207E+01
  1.114E+02  5.471E+01
  1.157E+02  5.337E+01
  1.209E+02  5.077E+01
  1.257E+02  5.412E+01
  1.284E+02  3.657E+01
  1.288E+02  5.147E+01
  1.325E+02  4.895E+01
