# Digitized by GSYS2.4.7
# Date =  4.May.2015,  17:39:5
# Number of data = 100
# set xrange[100.0, 400.0]
# set yrange[1.0, 500.0] 
# Set Logscale y
# MD5Fig : a470b095c3720ca277c120a3b031527c
# Axis_X : 3fcafafafafafafb3fe336e5fed8205c3fe90505050505043fe34024fbf47144
# Axis_Y : 3fc14141414141413fe0c22ac352a2f63fc1519bd41d00a23fa561b9dde692c8
#    x          y    
  8.296E+01  5.006E+02
  8.597E+01  4.083E+02
  9.028E+01  3.009E+02
  9.115E+01  2.153E+02
  9.460E+01  1.454E+02
  9.890E+01  1.135E+02
  1.011E+02  9.127E+01
  1.041E+02  7.554E+01
  1.088E+02  6.824E+01
  1.161E+02  6.076E+01
  1.200E+02  4.815E+01
  1.269E+02  2.894E+01
  1.294E+02  4.288E+01
  1.354E+02  3.069E+01
  1.380E+02  4.047E+01
  1.410E+02  4.750E+01
  1.440E+02  5.338E+01
  1.509E+02  3.933E+01
  1.522E+02  3.303E+01
  1.535E+02  2.898E+01
  1.569E+02  3.553E+01
  1.603E+02  3.935E+01
  1.642E+02  6.456E+01
  1.650E+02  7.915E+01
  1.663E+02  1.225E+02
  1.667E+02  1.546E+02
  1.693E+02  1.712E+02
  1.736E+02  1.299E+02
  1.753E+02  1.663E+02
  1.770E+02  2.464E+02
  1.782E+02  3.814E+02
  1.804E+02  5.903E+02
  1.821E+02  4.543E+02
  1.834E+02  3.022E+02
  1.843E+02  2.259E+02
  1.856E+02  1.548E+02
  1.890E+02  1.226E+02
  1.937E+02  1.398E+02
  1.989E+02  1.594E+02
  2.002E+02  2.072E+02
  2.019E+02  2.772E+02
  2.053E+02  4.228E+02
  2.053E+02  3.449E+02
  2.104E+02  5.261E+02
  2.152E+02  4.230E+02
  2.169E+02  3.304E+02
  2.203E+02  2.857E+02
  2.216E+02  2.543E+02
  2.298E+02  2.581E+02
  2.362E+02  2.658E+02
  2.392E+02  2.366E+02
  2.457E+02  2.233E+02
  2.517E+02  2.017E+02
  2.551E+02  1.622E+02
  2.637E+02  1.444E+02
  2.701E+02  1.128E+02
  2.736E+02  9.755E+01
  2.796E+02  8.560E+01
  2.865E+02  7.622E+01
  2.955E+02  6.787E+01
  2.993E+02  7.967E+01
  3.019E+02  5.701E+01
  3.071E+02  6.693E+01
  3.131E+02  6.694E+01
  3.178E+02  7.201E+01
  3.225E+02  6.227E+01
  3.290E+02  5.386E+01
  3.350E+02  5.794E+01
  3.389E+02  4.395E+01
  3.423E+02  7.316E+01
  3.440E+02  4.728E+01
  3.491E+02  5.470E+01
  3.526E+02  6.328E+01
  3.594E+02  5.239E+01
  3.663E+02  4.944E+01
  3.723E+02  5.889E+01
  3.753E+02  4.735E+01
  3.809E+02  4.876E+01
  3.865E+02  4.878E+01
  3.925E+02  5.247E+01
  3.968E+02  4.672E+01
  4.019E+02  3.924E+01
  4.050E+02  4.100E+01
  4.105E+02  4.101E+01
  4.157E+02  3.395E+01
  4.230E+02  3.112E+01
  4.256E+02  3.816E+01
  4.277E+02  2.227E+01
  4.286E+02  4.226E+01
  4.320E+02  3.113E+01
  4.333E+02  3.159E+01
  4.337E+02  3.708E+01
  4.371E+02  3.818E+01
  4.419E+02  2.854E+01
  4.505E+02  2.329E+01
  4.513E+02  3.351E+01
  4.560E+02  2.617E+01
  4.642E+02  2.167E+01
  4.694E+02  1.794E+01
  4.728E+02  1.126E+01
