# Digitized by GSYS2.4.7
# Date =  26.Apr.2017,  10:57:52
# Number of data = 94
# set xrange[40.0, 140.0]
# set yrange[2.0, 10.0] 
# MD5Fig : 018252a49a8d01a380cdd4c0974ec57b
# Axis_X : 3fca75e39a75e39a3feba8c0dc699d463fec0c0c0c0c0c0c3feba8c0dc699d46
# Axis_Y : 3fc1daff91daff923fe77f6d0eec7bfb3fc1daff91daff923fcb1efeda1dd8f8
#    x          y    
  3.109E+01  7.296E-01
  3.360E+01  7.296E-01
  3.649E+01  7.468E-01
  3.912E+01  7.468E-01
  4.138E+01  9.700E-01
  4.414E+01  1.021E+00
  4.640E+01  9.528E-01
  4.891E+01  9.871E-01
  5.116E+01  1.090E+00
  5.242E+01  1.330E+00
  5.330E+01  1.657E+00
  5.393E+01  1.948E+00
  5.468E+01  2.618E+00
  5.468E+01  2.309E+00
  5.531E+01  2.927E+00
  5.631E+01  3.099E+00
  5.769E+01  2.979E+00
  5.832E+01  3.425E+00
  5.920E+01  4.300E+00
  5.970E+01  5.554E+00
  6.020E+01  6.824E+00
  6.083E+01  8.094E+00
  6.108E+01  8.970E+00
  6.183E+01  9.159E+00
  6.221E+01  8.781E+00
  6.284E+01  7.545E+00
  6.296E+01  6.240E+00
  6.371E+01  5.107E+00
  6.421E+01  4.146E+00
  6.446E+01  3.597E+00
  6.522E+01  3.133E+00
  6.610E+01  2.824E+00
  6.660E+01  2.687E+00
  6.748E+01  2.584E+00
  6.811E+01  2.738E+00
  6.936E+01  2.910E+00
  7.036E+01  3.082E+00
  7.099E+01  3.562E+00
  7.187E+01  3.785E+00
  7.199E+01  4.146E+00
  7.237E+01  4.472E+00
  7.338E+01  5.004E+00
  7.363E+01  5.502E+00
  7.451E+01  6.172E+00
  7.501E+01  7.167E+00
  7.513E+01  7.631E+00
  7.564E+01  8.369E+00
  7.626E+01  9.004E+00
  7.751E+01  9.760E+00
  7.814E+01  9.708E+00
  7.927E+01  9.193E+00
  7.965E+01  8.901E+00
  8.040E+01  8.232E+00
  8.078E+01  7.614E+00
  8.103E+01  7.202E+00
  8.191E+01  6.755E+00
  8.229E+01  6.395E+00
  8.266E+01  5.966E+00
  8.354E+01  5.519E+00
  8.416E+01  5.124E+00
  8.529E+01  4.867E+00
  8.743E+01  4.850E+00
  8.919E+01  4.901E+00
  9.031E+01  4.918E+00
  9.169E+01  4.833E+00
  9.282E+01  4.712E+00
  9.383E+01  4.575E+00
  9.471E+01  4.455E+00
  9.584E+01  4.266E+00
  9.696E+01  4.180E+00
  9.859E+01  3.888E+00
  9.985E+01  3.700E+00
  1.015E+02  3.494E+00
  1.030E+02  3.185E+00
  1.050E+02  2.910E+00
  1.066E+02  2.635E+00
  1.083E+02  2.378E+00
  1.096E+02  2.223E+00
  1.120E+02  2.086E+00
  1.133E+02  1.931E+00
  1.151E+02  1.845E+00
  1.181E+02  1.742E+00
  1.213E+02  1.639E+00
  1.239E+02  1.554E+00
  1.259E+02  1.519E+00
  1.286E+02  1.468E+00
  1.314E+02  1.365E+00
  1.342E+02  1.279E+00
  1.375E+02  1.210E+00
  1.397E+02  1.176E+00
  1.421E+02  1.142E+00
  1.444E+02  1.056E+00
  1.464E+02  1.021E+00
  1.490E+02  9.871E-01
