# Digitized by GSYS2.4.7
# Date =  4.May.2015,  16:3:47
# Number of data = 61
# set xrange[1.0, 2.0]
# set yrange[100.0, 1000.0] 
# Set Logscale y
# MD5Fig : 875d8de10153c7b618c87375fe49593c
# Axis_X : 3fd8ce490665146c3fea1bf4d145e40b3fe3e8122731b6f93fea0f2d2125f0d4
# Axis_Y : 3fc3b3430aeee0da3fe94f79cf46b0863fc39e64041ae8e63fdba7ac03c90863
#    x          y    
  1.409E-02  2.076E+03
  2.820E-02  2.831E+03
  3.180E-02  3.257E+03
  4.912E-02  3.672E+03
  5.271E-02  4.182E+03
  7.003E-02  4.668E+03
  8.734E-02  5.211E+03
  9.777E-02  5.759E+03
  9.784E-02  6.115E+03
  1.048E-01  6.625E+03
  1.254E-01  6.623E+03
  1.357E-01  6.427E+03
  1.495E-01  7.031E+03
  1.565E-01  7.541E+03
  1.840E-01  7.769E+03
  2.218E-01  7.766E+03
  2.596E-01  7.763E+03
  2.802E-01  7.236E+03
  3.007E-01  6.745E+03
  3.418E-01  5.861E+03
  3.862E-01  4.844E+03
  3.999E-01  4.515E+03
  4.100E-01  3.964E+03
  4.339E-01  3.244E+03
  4.510E-01  3.116E+03
  5.226E-01  1.869E+03
  5.807E-01  1.544E+03
  6.050E-01  1.830E+03
  6.085E-01  1.943E+03
  6.294E-01  2.398E+03
  6.294E-01  2.546E+03
  6.571E-01  2.842E+03
  6.845E-01  2.702E+03
  6.879E-01  2.519E+03
  6.980E-01  2.104E+03
  7.352E-01  1.275E+03
  7.385E-01  1.212E+03
  7.900E-01  1.176E+03
  8.382E-01  1.187E+03
  9.276E-01  1.235E+03
  9.585E-01  1.234E+03
  9.894E-01  1.246E+03
  1.038E+00  1.246E+03
  1.089E+00  1.258E+03
  1.172E+00  1.207E+03
  1.405E+00  8.831E+02
  1.474E+00  8.825E+02
  1.676E+00  6.522E+02
  1.909E+00  4.448E+02
  1.981E+00  4.271E+02
  2.005E+00  4.185E+02
  2.064E+00  3.528E+02
  2.180E+00  2.856E+02
  2.276E+00  2.383E+02
  2.321E+00  2.091E+02
  2.410E+00  1.659E+02
  2.437E+00  1.442E+02
  2.478E+00  1.371E+02
  2.674E+00  9.834E+01
  2.804E+00  8.975E+01
  2.952E+00  8.962E+01
