# Digitized by GSYS2.4.7
# Date =  11.Mar.2015,  14:26:28
# Number of data = 153
# set xrange[50.0, 250.0]
# set yrange[1000.0, 5000.0] 
# MD5Fig : facf917f0243034a57c6f184dc495fcb
# Axis_X : 3fd5ebcb63b177233feefadca33619fe3feb483e85d058723feefadca33619fe
# Axis_Y : 3fc4f7cdad4593593fe9d77fd950182e3fc4f7cdad4593593fc50179c900a833
#    x          y          dy   
 -1.914E+01  9.221E+02  3.505E+01
 -1.750E+01  8.679E+02  3.186E+01
 -1.547E+01  9.093E+02  2.868E+01
 -1.357E+01  8.966E+02  3.186E+01
 -1.154E+01  8.552E+02  4.461E+01
 -9.382E+00  9.125E+02  2.549E+01
 -7.354E+00  9.125E+02  3.186E+01
 -5.833E+00  9.412E+02  3.505E+01
 -3.551E+00  9.603E+02  2.868E+01
 -8.883E-01  1.301E+03  4.142E+01
  1.140E+00  4.408E+03  6.373E+01
  1.699E+01  5.204E+03  7.010E+01
  1.889E+01  3.978E+03  6.054E+01
  2.066E+01  3.028E+03  5.735E+01
  2.269E+01  2.496E+03  5.098E+01
  2.447E+01  2.162E+03  5.098E+01
  2.662E+01  1.843E+03  3.824E+01
  2.852E+01  1.572E+03  5.417E+01
  3.055E+01  1.476E+03  4.142E+01
  3.245E+01  1.333E+03  3.824E+01
  3.486E+01  1.196E+03  3.505E+01
  3.714E+01  1.193E+03  3.824E+01
  3.879E+01  1.101E+03  3.186E+01
  4.069E+01  1.107E+03  3.186E+01
  4.272E+01  1.081E+03  2.868E+01
  4.488E+01  1.050E+03  4.461E+01
  4.678E+01  1.078E+03  4.142E+01
  4.868E+01  1.142E+03  2.549E+01
  5.058E+01  1.142E+03  4.142E+01
  5.261E+01  1.231E+03  4.461E+01
  5.464E+01  1.250E+03  4.461E+01
  5.667E+01  1.359E+03  5.098E+01
  5.870E+01  1.371E+03  3.824E+01
  6.047E+01  1.473E+03  4.142E+01
  6.288E+01  1.607E+03  4.142E+01
  6.453E+01  1.735E+03  4.142E+01
  6.656E+01  1.900E+03  4.142E+01
  6.846E+01  2.162E+03  4.461E+01
  7.074E+01  2.407E+03  3.505E+01
  7.277E+01  2.474E+03  4.142E+01
  7.492E+01  2.534E+03  4.142E+01
  7.657E+01  2.639E+03  5.735E+01
  7.860E+01  2.726E+03  6.691E+01
  8.101E+01  2.847E+03  5.417E+01
  8.278E+01  2.971E+03  5.735E+01
  8.481E+01  3.041E+03  6.054E+01
  8.659E+01  3.203E+03  6.054E+01
  8.849E+01  3.302E+03  5.735E+01
  9.090E+01  3.369E+03  5.735E+01
  9.267E+01  3.385E+03  5.735E+01
  9.470E+01  3.340E+03  5.098E+01
  9.648E+01  3.477E+03  5.735E+01
  9.888E+01  3.436E+03  5.735E+01
  1.008E+02  3.325E+03  6.054E+01
  1.024E+02  3.442E+03  6.054E+01
  1.046E+02  3.286E+03  5.417E+01
  1.067E+02  3.312E+03  5.417E+01
  1.090E+02  3.184E+03  5.735E+01
  1.107E+02  3.060E+03  5.735E+01
  1.128E+02  2.961E+03  6.054E+01
  1.149E+02  2.837E+03  5.735E+01
  1.168E+02  2.703E+03  5.098E+01
  1.189E+02  2.735E+03  4.779E+01
  1.206E+02  2.617E+03  5.098E+01
  1.226E+02  2.547E+03  6.373E+01
  1.245E+02  2.541E+03  5.098E+01
  1.270E+02  2.961E+03  5.735E+01
  1.287E+02  4.026E+03  5.098E+01
  1.307E+02  4.937E+03  6.373E+01
  1.324E+02  5.061E+03  7.329E+01
  1.345E+02  4.453E+03  7.966E+01
  1.368E+02  3.732E+03  5.735E+01
  1.384E+02  3.347E+03  6.054E+01
  1.410E+02  3.089E+03  5.417E+01
  1.431E+02  3.038E+03  5.098E+01
  1.454E+02  2.898E+03  6.373E+01
  1.472E+02  2.856E+03  5.417E+01
  1.491E+02  2.878E+03  7.329E+01
  1.509E+02  2.961E+03  5.417E+01
  1.529E+02  2.980E+03  5.417E+01
  1.550E+02  3.152E+03  5.735E+01
  1.569E+02  3.156E+03  6.054E+01
  1.588E+02  3.474E+03  5.735E+01
  1.609E+02  3.427E+03  5.735E+01
  1.630E+02  3.627E+03  6.373E+01
  1.649E+02  3.755E+03  6.691E+01
  1.667E+02  3.815E+03  4.461E+01
  1.687E+02  3.990E+03  6.691E+01
  1.708E+02  4.086E+03  7.647E+01
  1.729E+02  4.379E+03  7.010E+01
  1.747E+02  4.354E+03  6.373E+01
  1.770E+02  4.475E+03  6.054E+01
  1.791E+02  4.529E+03  5.417E+01
  1.808E+02  4.602E+03  7.010E+01
  1.832E+02  4.672E+03  5.735E+01
  1.851E+02  4.774E+03  6.373E+01
  1.872E+02  4.832E+03  6.691E+01
  1.888E+02  4.752E+03  7.010E+01
  1.912E+02  4.666E+03  6.373E+01
  1.930E+02  4.819E+03  7.010E+01
  1.951E+02  4.676E+03  7.329E+01
  1.971E+02  4.618E+03  6.373E+01
  1.988E+02  4.676E+03  6.373E+01
  2.012E+02  4.500E+03  7.647E+01
  2.028E+02  4.440E+03  5.735E+01
  2.049E+02  4.488E+03  7.966E+01
  2.068E+02  4.462E+03  6.691E+01
  2.092E+02  4.322E+03  5.417E+01
  2.111E+02  4.255E+03  7.329E+01
  2.131E+02  4.226E+03  7.329E+01
  2.151E+02  4.147E+03  4.779E+01
  2.170E+02  4.061E+03  7.966E+01
  2.193E+02  4.121E+03  6.054E+01
  2.211E+02  3.825E+03  6.373E+01
  2.231E+02  3.882E+03  6.373E+01
  2.249E+02  3.767E+03  5.735E+01
  2.273E+02  3.685E+03  5.098E+01
  2.290E+02  3.634E+03  7.966E+01
  2.307E+02  3.509E+03  6.054E+01
  2.328E+02  3.347E+03  6.054E+01
  2.345E+02  3.274E+03  6.054E+01
  2.371E+02  3.321E+03  5.417E+01
  2.390E+02  3.239E+03  6.373E+01
  2.409E+02  3.060E+03  7.010E+01
  2.426E+02  2.971E+03  5.098E+01
  2.445E+02  3.082E+03  4.461E+01
  2.470E+02  2.856E+03  5.098E+01
  2.491E+02  2.834E+03  3.824E+01
  2.510E+02  2.863E+03  6.373E+01
  2.529E+02  2.706E+03  5.735E+01
  2.552E+02  2.592E+03  5.098E+01
  2.572E+02  2.655E+03  6.373E+01
  2.589E+02  2.550E+03  4.779E+01
  2.609E+02  2.525E+03  5.098E+01
  2.629E+02  2.397E+03  4.142E+01
  2.650E+02  2.407E+03  6.691E+01
  2.669E+02  2.362E+03  4.461E+01
  2.691E+02  2.337E+03  4.461E+01
  2.707E+02  2.203E+03  4.779E+01
  2.731E+02  2.181E+03  3.824E+01
  2.750E+02  2.146E+03  4.779E+01
  2.768E+02  2.139E+03  5.417E+01
  2.785E+02  2.101E+03  4.142E+01
  2.807E+02  1.996E+03  5.098E+01
  2.832E+02  1.951E+03  2.868E+01
  2.852E+02  1.964E+03  5.735E+01
  2.870E+02  1.948E+03  5.735E+01
  2.890E+02  1.881E+03  4.779E+01
  2.913E+02  1.846E+03  4.461E+01
  2.932E+02  1.757E+03  5.417E+01
  2.948E+02  1.814E+03  4.461E+01
  2.968E+02  1.798E+03  3.824E+01
  2.986E+02  1.722E+03  4.461E+01
