# Digitized by GSYS2.4.7
# Date =  5.May.2015,  13:52:38
# Number of data = 130
# set xrange[1.0, 1.75]
# set yrange[0.0, 180.0] 
# MD5Fig : 81ac31ce68e26982dff1dd4d2929c0a1
# Axis_X : 3fe1c171c171c1723feb96e5b96e5b973febfd9bfd9bfd813feb8ee3b8ee3b8f
# Axis_Y : 3fc08910891089113feb96e5b96e5b973fc058eaf87a7f4e3fba869d0f3d6f5c
#    x          y    
  2.404E-01  1.718E+00
  2.580E-01  4.366E+00
  2.648E-01  1.232E+01
  2.814E-01  1.763E+01
  2.880E-01  2.140E+01
  3.055E-01  1.552E+01
  3.155E-01  2.097E+01
  3.364E-01  2.334E+01
  3.398E-01  2.836E+01
  3.560E-01  1.677E+01
  3.584E-01  2.528E+01
  3.726E-01  2.193E+01
  3.848E-01  2.863E+01
  3.944E-01  1.564E+01
  3.968E-01  2.248E+01
  4.088E-01  1.982E+01
  4.298E-01  2.442E+01
  4.362E-01  1.926E+01
  4.515E-01  1.506E+01
  4.616E-01  2.190E+01
  4.713E-01  1.631E+01
  4.789E-01  1.226E+01
  4.922E-01  1.421E+01
  5.130E-01  1.462E+01
  5.228E-01  1.015E+01
  5.339E-01  1.252E+01
  5.504E-01  1.671E+01
  5.690E-01  1.391E+01
  5.844E-01  1.167E+01
  6.065E-01  2.032E+01
  6.207E-01  1.654E+01
  6.261E-01  1.179E+01
  6.491E-01  1.025E+01
  6.613E-01  1.290E+01
  6.866E-01  1.373E+01
  7.052E-01  1.233E+01
  7.261E-01  1.218E+01
  7.470E-01  1.455E+01
  7.700E-01  1.301E+01
  7.986E-01  1.509E+01
  8.261E-01  1.788E+01
  8.372E-01  2.164E+01
  8.580E-01  2.164E+01
  8.613E-01  1.787E+01
  8.865E-01  1.814E+01
  8.989E-01  3.168E+01
  9.076E-01  2.958E+01
  9.229E-01  2.441E+01
  9.390E-01  6.948E+00
  9.417E-01  3.083E+01
  9.482E-01  2.873E+01
  9.561E-01  3.739E+01
  9.701E-01  2.370E+01
  9.835E-01  3.445E+01
  1.005E+00  3.207E+01
  1.025E+00  3.653E+01
  1.040E+00  4.309E+01
  1.049E+00  5.049E+01
  1.070E+00  6.892E+01
  1.075E+00  7.339E+01
  1.086E+00  5.718E+01
  1.095E+00  7.827E+01
  1.105E+00  8.455E+01
  1.115E+00  9.824E+01
  1.123E+00  1.115E+02
  1.134E+00  1.091E+02
  1.140E+00  1.232E+02
  1.146E+00  1.266E+02
  1.156E+00  1.449E+02
  1.160E+00  1.231E+02
  1.168E+00  1.165E+02
  1.176E+00  1.221E+02
  1.181E+00  1.077E+02
  1.188E+00  1.042E+02
  1.196E+00  1.023E+02
  1.198E+00  9.863E+01
  1.207E+00  8.717E+01
  1.215E+00  9.388E+01
  1.225E+00  6.440E+01
  1.228E+00  6.035E+01
  1.232E+00  5.588E+01
  1.240E+00  4.652E+01
  1.249E+00  4.247E+01
  1.260E+00  3.562E+01
  1.264E+00  2.165E+01
  1.278E+00  3.073E+01
  1.285E+00  2.165E+01
  1.293E+00  2.430E+01
  1.306E+00  1.773E+01
  1.320E+00  1.116E+01
  1.327E+00  1.758E+01
  1.341E+00  1.129E+01
  1.352E+00  1.478E+01
  1.363E+00  1.059E+01
  1.373E+00  1.966E+01
  1.393E+00  1.030E+01
  1.413E+00  1.197E+01
  1.430E+00  1.657E+01
  1.442E+00  1.182E+01
  1.457E+00  9.861E+00
  1.472E+00  7.761E+00
  1.499E+00  1.124E+01
  1.526E+00  1.221E+01
  1.543E+00  1.151E+01
  1.562E+00  1.569E+01
  1.585E+00  1.583E+01
  1.605E+00  2.294E+01
  1.617E+00  1.693E+01
  1.631E+00  2.238E+01
  1.637E+00  3.103E+01
  1.654E+00  2.237E+01
  1.654E+00  2.921E+01
  1.675E+00  3.717E+01
  1.676E+00  2.641E+01
  1.692E+00  2.878E+01
  1.705E+00  3.059E+01
  1.717E+00  2.989E+01
  1.724E+00  2.724E+01
  1.736E+00  2.542E+01
  1.742E+00  1.899E+01
  1.767E+00  2.052E+01
  1.771E+00  1.423E+01
  1.785E+00  1.046E+01
  1.788E+00  6.127E+00
  1.815E+00  5.560E+00
  1.849E+00  4.432E+00
  1.876E+00  2.329E+00
  1.909E+00  1.620E+00
  1.954E+00  4.819E+00
  1.971E+00  2.160E+00
