# Digitized by GSYS2.4.7
# Date =  5.May.2015,  14:0:24
# Number of data = 129
# set xrange[50.0, 250.0]
# set yrange[500.0, 2000.0] 
# MD5Fig : 2c95d0d8d977dcdc575b1783202776b8
# Axis_X : 3fcd21642c8590b23fec1eaf2fa1ce683fea3d37a6f4de9c3fec1eaf2fa1ce68
# Axis_Y : 3fc590b21642c8593fe89e6aae78f40c3fc590b21642c8593fdc52100e45932d
#    x          y    
  5.121E+01  6.164E+01
  5.415E+01  5.255E+01
  5.757E+01  5.255E+01
  6.099E+01  5.028E+01
  6.409E+01  5.028E+01
  6.783E+01  5.028E+01
  7.109E+01  5.482E+01
  7.663E+01  4.800E+01
  8.005E+01  5.482E+01
  8.201E+01  8.436E+01
  8.250E+01  1.298E+02
  8.331E+01  1.843E+02
  8.348E+01  2.230E+02
  8.380E+01  2.707E+02
  8.429E+01  3.116E+02
  8.527E+01  3.502E+02
  8.690E+01  2.843E+02
  8.755E+01  2.525E+02
  8.755E+01  2.139E+02
  8.869E+01  1.775E+02
  9.113E+01  1.639E+02
  9.374E+01  1.911E+02
  9.586E+01  2.389E+02
  9.684E+01  2.934E+02
  9.716E+01  3.615E+02
  9.782E+01  4.070E+02
  9.814E+01  5.070E+02
  9.814E+01  4.433E+02
  9.863E+01  6.410E+02
  9.879E+01  7.137E+02
  9.879E+01  5.751E+02
  9.896E+01  7.773E+02
  9.928E+01  9.523E+02
  9.944E+01  8.591E+02
  9.961E+01  1.145E+03
  9.977E+01  1.250E+03
  9.977E+01  1.050E+03
  9.993E+01  1.364E+03
  1.003E+02  1.523E+03
  1.003E+02  1.679E+03
  1.004E+02  1.895E+03
  1.006E+02  2.388E+03
  1.007E+02  2.131E+03
  1.009E+02  2.527E+03
  1.014E+02  2.797E+03
  1.016E+02  2.979E+03
  1.016E+02  3.406E+03
  1.017E+02  3.161E+03
  1.024E+02  3.642E+03
  1.032E+02  3.572E+03
  1.038E+02  3.536E+03
  1.040E+02  3.408E+03
  1.043E+02  3.172E+03
  1.050E+02  2.827E+03
  1.053E+02  2.500E+03
  1.058E+02  2.220E+03
  1.061E+02  2.004E+03
  1.065E+02  1.757E+03
  1.069E+02  1.523E+03
  1.073E+02  1.379E+03
  1.073E+02  1.202E+03
  1.082E+02  1.039E+03
  1.082E+02  1.105E+03
  1.092E+02  9.568E+02
  1.095E+02  8.523E+02
  1.115E+02  7.364E+02
  1.144E+02  6.228E+02
  1.182E+02  5.092E+02
  1.214E+02  4.388E+02
  1.289E+02  3.434E+02
  1.364E+02  2.934E+02
  1.395E+02  2.843E+02
  1.428E+02  2.661E+02
  1.524E+02  2.684E+02
  1.558E+02  2.707E+02
  1.601E+02  2.752E+02
  1.632E+02  3.047E+02
  1.654E+02  3.593E+02
  1.680E+02  3.956E+02
  1.705E+02  5.229E+02
  1.721E+02  6.660E+02
  1.731E+02  7.796E+02
  1.755E+02  9.636E+02
  1.770E+02  1.118E+03
  1.777E+02  1.182E+03
  1.799E+02  1.200E+03
  1.837E+02  1.164E+03
  1.850E+02  1.111E+03
  1.861E+02  1.016E+03
  1.873E+02  9.659E+02
  1.891E+02  9.137E+02
  1.902E+02  8.364E+02
  1.925E+02  7.751E+02
  1.936E+02  6.910E+02
  1.964E+02  6.206E+02
  1.987E+02  5.433E+02
  2.006E+02  5.138E+02
  2.024E+02  4.524E+02
  2.055E+02  4.093E+02
  2.096E+02  3.525E+02
  2.130E+02  3.207E+02
  2.156E+02  2.888E+02
  2.184E+02  2.479E+02
  2.215E+02  2.798E+02
  2.231E+02  2.389E+02
  2.257E+02  2.479E+02
  2.275E+02  1.957E+02
  2.304E+02  2.048E+02
  2.340E+02  1.911E+02
  2.371E+02  1.911E+02
  2.394E+02  1.707E+02
  2.420E+02  1.866E+02
  2.451E+02  1.911E+02
  2.485E+02  1.616E+02
  2.533E+02  1.366E+02
  2.560E+02  1.480E+02
  2.595E+02  1.321E+02
  2.642E+02  1.275E+02
  2.679E+02  1.230E+02
  2.702E+02  1.480E+02
  2.746E+02  1.253E+02
  2.779E+02  1.184E+02
  2.829E+02  1.048E+02
  2.865E+02  1.162E+02
  2.909E+02  9.799E+01
  2.935E+02  9.117E+01
  2.953E+02  1.139E+02
  2.974E+02  1.162E+02
  2.994E+02  9.344E+01
