# Digitized by GSYS2.4.7
# Date =  10.Mar.2015,  18:21:45
# Number of data = 110
# set xrange[0.0, 3.0]
# set yrange[0.0, 840.0] 
# MD5Fig : 714882742ecc17c380fb487537d73c56
# Axis_X : 3fc1fd84c18d07083fec7a372ccae6c93fef7ba852b6cc4e3fec8d3351936e0e
# Axis_Y : 3fc1fd84c18d07083fec7a372ccae6c93fc2232482bccfb93f9ed84e0c5949dd
#    x          y    
  2.450E-01  1.758E+01
  2.613E-01  2.727E+01
  2.632E-01  4.984E+01
  2.795E-01  8.129E+01
  2.856E-01  8.855E+01
  2.957E-01  1.023E+02
  3.181E-01  1.273E+02
  3.406E-01  1.426E+02
  3.630E-01  1.660E+02
  3.835E-01  1.515E+02
  3.979E-01  1.386E+02
  4.245E-01  1.402E+02
  4.370E-01  1.032E+02
  4.573E-01  1.209E+02
  4.800E-01  8.628E+01
  5.188E-01  1.040E+02
  5.557E-01  1.000E+02
  5.802E-01  1.170E+02
  6.026E-01  1.283E+02
  6.417E-01  1.001E+02
  6.682E-01  1.227E+02
  7.193E-01  1.316E+02
  7.539E-01  1.614E+02
  7.991E-01  1.454E+02
  8.132E-01  1.825E+02
  8.439E-01  1.905E+02
  8.848E-01  1.938E+02
  9.113E-01  2.132E+02
  9.176E-01  1.922E+02
  9.521E-01  2.414E+02
  9.932E-01  2.092E+02
  1.007E+00  2.310E+02
  1.022E+00  2.826E+02
  1.044E+00  2.657E+02
  1.048E+00  2.963E+02
  1.056E+00  3.237E+02
  1.068E+00  3.414E+02
  1.083E+00  3.648E+02
  1.083E+00  3.503E+02
  1.099E+00  3.979E+02
  1.102E+00  4.866E+02
  1.119E+00  5.116E+02
  1.123E+00  5.253E+02
  1.135E+00  5.849E+02
  1.145E+00  5.648E+02
  1.157E+00  6.261E+02
  1.173E+00  6.204E+02
  1.178E+00  5.817E+02
  1.190E+00  5.568E+02
  1.201E+00  4.915E+02
  1.207E+00  4.310E+02
  1.216E+00  3.577E+02
  1.228E+00  3.069E+02
  1.235E+00  2.473E+02
  1.249E+00  2.029E+02
  1.257E+00  1.634E+02
  1.280E+00  1.441E+02
  1.290E+00  1.159E+02
  1.311E+00  8.771E+01
  1.342E+00  7.242E+01
  1.362E+00  8.210E+01
  1.377E+00  6.116E+01
  1.414E+00  6.280E+01
  1.457E+00  5.074E+01
  1.497E+00  5.399E+01
  1.534E+00  4.999E+01
  1.557E+00  6.129E+01
  1.587E+00  7.583E+01
  1.604E+00  8.954E+01
  1.622E+00  1.025E+02
  1.643E+00  8.957E+01
  1.661E+00  1.122E+02
  1.686E+00  1.025E+02
  1.694E+00  1.114E+02
  1.700E+00  1.307E+02
  1.714E+00  1.251E+02
  1.728E+00  1.364E+02
  1.733E+00  9.770E+01
  1.745E+00  1.082E+02
  1.755E+00  8.321E+01
  1.772E+00  7.677E+01
  1.776E+00  6.871E+01
  1.788E+00  6.308E+01
  1.809E+00  5.906E+01
  1.811E+00  2.763E+01
  1.823E+00  3.731E+01
  1.839E+00  2.684E+01
  1.852E+00  1.718E+01
  1.876E+00  2.123E+01
  1.895E+00  1.238E+01
  1.932E+00  1.563E+01
  1.962E+00  1.726E+01
  1.979E+00  1.163E+01
  2.011E+00  1.166E+01
  2.030E+00  6.836E+00
  2.054E+00  1.492E+01
  2.102E+00  1.253E+01
  2.134E+00  7.721E+00
  2.198E+00  7.769E+00
  2.247E+00  5.388E+00
  2.288E+00  8.643E+00
  2.345E+00  7.880E+00
  2.390E+00  6.302E+00
  2.505E+00  6.388E+00
  2.568E+00  6.436E+00
  2.615E+00  6.472E+00
  2.703E+00  4.120E+00
  2.793E+00  1.305E+01
  2.838E+00  4.222E+00
  2.935E+00  5.906E+00
