# Digitized by GSYS2.4.7
# Date =  5.May.2015,  14:23:37
# Number of data = 70
# set xrange[40.0, 80.0]
# set yrange[50.0, 250.0] 
# MD5Fig : 5edb4c2ca5ace476572751f263ffd9db
# Axis_X : 3fc3e25a15aa7a033fe9aa4b45aec4013fd8290d1d13f4993fe9aa4b45aec401
# Axis_Y : 3fb6856a9e80daf13fe50dc9986856743fb6856a9e80daf13fb59ce112425437
#    x          y    
  2.849E+01  2.902E+01
  2.941E+01  4.529E+01
  3.052E+01  1.067E+02
  3.144E+01  1.911E+02
  3.242E+01  2.197E+02
  3.347E+01  1.283E+02
  3.452E+01  1.117E+02
  3.550E+01  1.137E+02
  3.622E+01  1.297E+02
  3.747E+01  1.373E+02
  3.845E+01  1.835E+02
  3.950E+01  1.851E+02
  4.068E+01  1.765E+02
  4.154E+01  2.077E+02
  4.239E+01  2.240E+02
  4.344E+01  1.825E+02
  4.455E+01  1.336E+02
  4.540E+01  9.511E+01
  4.658E+01  1.061E+02
  4.731E+01  1.233E+02
  4.849E+01  1.426E+02
  4.940E+01  1.184E+02
  5.052E+01  8.515E+01
  5.157E+01  7.917E+01
  5.249E+01  6.124E+01
  5.347E+01  6.854E+01
  5.452E+01  5.725E+01
  5.550E+01  7.718E+01
  5.649E+01  6.124E+01
  5.747E+01  5.360E+01
  5.852E+01  8.714E+01
  5.957E+01  5.526E+01
  6.048E+01  6.157E+01
  6.160E+01  6.456E+01
  6.258E+01  7.120E+01
  6.350E+01  6.688E+01
  6.448E+01  4.961E+01
  6.547E+01  6.721E+01
  6.665E+01  6.223E+01
  6.744E+01  7.020E+01
  6.848E+01  6.256E+01
  6.931E+01  6.554E+01
  7.041E+01  6.655E+01
  7.141E+01  7.340E+01
  7.251E+01  6.833E+01
  7.337E+01  5.718E+01
  7.437E+01  6.427E+01
  7.557E+01  5.718E+01
  7.632E+01  5.794E+01
  7.802E+01  4.476E+01
  7.967E+01  4.020E+01
  8.053E+01  4.704E+01
  8.163E+01  4.324E+01
  8.253E+01  2.068E+01
  8.348E+01  3.513E+01
  8.448E+01  2.930E+01
  8.553E+01  3.057E+01
  8.648E+01  3.538E+01
  8.748E+01  2.474E+01
  8.849E+01  2.828E+01
  8.939E+01  3.386E+01
  9.039E+01  3.766E+01
  9.144E+01  3.386E+01
  9.249E+01  1.967E+01
  9.359E+01  2.600E+01
  9.464E+01  2.499E+01
  9.550E+01  2.828E+01
  9.665E+01  1.435E+01
  9.795E+01  1.865E+01
  9.945E+01  1.536E+01
