# Digitized by GSYS2.4.7
# Date =  6.May.2015,  15:46:4
# Number of data = 204
# set xrange[0.0, 1500.0]
# set yrange[200.0, 600.0] 
# MD5Fig : d036479a0851f46aee15be3bad70927f
# Axis_X : 3fc6be4895168f343fe8119d1f6caf563fe8a8b4799fe09d3fe824d42a6ee2fb
# Axis_Y : 3fc4799fe09cef533fe136a4874e42da3fc48e4644c970a63fbd05d6cb9a5210
#    x          y    
  5.969E+00  4.742E+00
  2.481E+01  4.769E+00
  5.266E+01  5.806E+00
  7.151E+01  3.842E+00
  9.281E+01  5.866E+00
  1.157E+02  7.891E+00
  1.305E+02  6.917E+00
  1.551E+02  7.451E+00
  1.805E+02  7.987E+00
  1.960E+02  6.018E+00
  2.198E+02  8.044E+00
  2.321E+02  5.573E+00
  2.435E+02  1.406E+01
  2.574E+02  1.706E+01
  2.657E+02  6.120E+00
  2.730E+02  1.061E+01
  2.804E+02  1.511E+01
  2.902E+02  7.152E+00
  3.041E+02  1.414E+01
  3.222E+02  1.815E+01
  3.410E+02  1.519E+01
  3.549E+02  2.169E+01
  3.671E+02  3.465E+01
  3.842E+02  6.057E+01
  3.925E+02  4.764E+01
  4.056E+02  3.770E+01
  4.155E+02  4.020E+01
  4.252E+02  6.263E+01
  4.326E+02  5.865E+01
  4.403E+02  1.817E+02
  4.473E+02  4.705E+02
  4.560E+02  5.597E+02
  4.644E+02  3.067E+02
  4.724E+02  1.548E+02
  4.802E+02  4.229E+01
  4.885E+02  1.292E+01
  4.959E+02  7.953E+00
  5.200E+02  1.156E+02
  5.269E+02  2.593E+01
  5.351E+02  2.544E+01
  5.425E+02  3.790E+01
  5.516E+02  1.301E+01
  5.579E+02  6.382E+01
  5.687E+02  3.844E+01
  5.736E+02  3.944E+01
  5.818E+02  2.601E+01
  5.900E+02  3.847E+01
  5.989E+02  6.587E+01
  6.065E+02  1.260E+01
  6.139E+02  6.571E-01
  6.227E+02  3.901E+01
  6.319E+02  1.313E+01
  6.374E+02  5.198E+01
  6.456E+02  6.644E+01
  6.536E+02  1.068E+02
  6.617E+02  1.197E+02
  6.702E+02  5.402E+01
  6.782E+02  9.437E+01
  6.873E+02  8.144E+01
  6.964E+02  5.456E+01
  7.071E+02  5.458E+01
  7.169E+02  5.509E+01
  7.258E+02  6.855E+01
  7.331E+02  1.109E+02
  7.420E+02  1.253E+02
  7.494E+02  1.129E+02
  7.586E+02  8.453E+01
  7.659E+02  8.404E+01
  7.741E+02  8.455E+01
  7.822E+02  1.005E+02
  7.890E+02  4.374E+01
  7.988E+02  7.114E+01
  8.064E+02  1.439E+01
  8.146E+02 -5.412E-01
  8.219E+02  2.835E+01
  8.301E+02  1.392E+01
  8.374E+02  4.331E+01
  8.449E+02  4.994E-01
  8.538E+02  4.384E+01
  8.627E+02  5.929E+01
  8.700E+02  9.017E+01
  8.759E+02  4.536E+01
  8.860E+02  1.684E+02
  8.943E+02  1.395E+02
  9.042E+02  1.400E+02
  9.093E+02  7.778E+01
  9.162E+02 -3.916E-01
  9.243E+02  1.406E+01
  9.333E+02  1.407E+01
  9.413E+02  7.833E+01
  9.490E+02  1.546E-01
  9.561E+02  6.341E+01
  9.651E+02  6.342E+01
  9.751E+02  3.157E+01
  9.834E+02 -2.927E-01
  9.897E+02  4.752E+01
  9.979E+02  4.753E+01
  1.006E+03  6.498E+01
  1.014E+03  1.153E+02
  1.022E+03  1.492E+02
  1.031E+03  8.344E+01
  1.038E+03  9.988E+01
  1.048E+03  5.010E+01
  1.055E+03  1.674E+01
  1.062E+03  3.269E+01
  1.071E+03 -1.160E+00
  1.077E+03  3.371E+01
  1.086E+03  6.758E+01
  1.096E+03  1.631E+01
  1.104E+03  3.325E+01
  1.114E+03 -1.009E-01
  1.123E+03 -8.639E-02
  1.133E+03  3.329E+01
  1.143E+03  5.173E+01
  1.149E+03 -4.899E-02
  1.157E+03  3.482E+01
  1.166E+03  7.019E+01
  1.173E+03  1.742E+01
  1.183E+03  8.914E+01
  1.189E+03  1.744E+01
  1.199E+03  1.265E+02
  1.207E+03  3.589E+01
  1.214E+03  1.797E+01
  1.223E+03  5.959E-02
  1.231E+03  5.385E+01
  1.239E+03 -4.143E-01
  1.246E+03  5.437E+01
  1.256E+03  7.431E+01
  1.262E+03  9.324E+01
  1.270E+03  9.325E+01
  1.277E+03  2.277E+02
  1.284E+03  2.277E+02
  1.294E+03  2.666E+02
  1.302E+03  1.331E+02
  1.310E+03  1.147E+02
  1.316E+03 -3.009E-01
  1.324E+03  1.337E+02
  1.332E+03  3.757E+01
  1.340E+03  5.650E+01
  1.350E+03  1.867E+01
  1.356E+03  5.752E+01
  1.366E+03  3.812E+01
  1.372E+03  1.920E+01
  1.381E+03 -1.201E+00
  1.390E+03  3.766E+01
  1.404E+03 -6.685E-01
  1.411E+03  3.769E+01
  1.422E+03  1.878E+01
  1.432E+03  1.879E+01
  1.443E+03  1.881E+01
  1.451E+03  3.774E+01
  1.459E+03 -1.086E+00
  1.467E+03  1.835E+01
  1.476E+03  4.027E+01
  1.486E+03 -5.491E-01
  1.491E+03  3.930E+01
  1.502E+03 -1.521E+00
  1.507E+03  3.982E+01
  1.518E+03  1.992E+01
  1.531E+03  1.994E+01
  1.539E+03  6.128E+01
  1.548E+03  4.187E+01
  1.558E+03  1.998E+01
  1.571E+03  4.041E+01
  1.577E+03 -9.119E-01
  1.581E+03 -9.071E-01
  1.589E+03  1.952E+01
  1.598E+03  1.954E+01
  1.611E+03 -8.625E-01
  1.619E+03  2.106E+01
  1.619E+03  1.907E+01
  1.634E+03 -1.327E+00
  1.645E+03 -1.310E+00
  1.654E+03 -1.298E+00
  1.667E+03  2.013E+01
  1.674E+03  2.015E+01
  1.690E+03 -1.243E+00
  1.702E+03 -1.227E+00
  1.716E+03  2.021E+01
  1.729E+03  1.119E+02
  1.738E+03  2.124E+01
  1.747E+03 -1.160E+00
  1.754E+03  2.126E+01
  1.764E+03  2.127E+01
  1.781E+03 -1.607E+00
  1.791E+03 -1.095E+00
  1.802E+03  4.424E+01
  1.810E+03 -1.565E+00
  1.817E+03  4.426E+01
  1.827E+03 -2.038E+00
  1.838E+03 -1.524E+00
  1.847E+03 -1.511E+00
  1.857E+03  2.141E+01
  1.866E+03 -1.483E+00
  1.873E+03  4.584E+01
  1.882E+03  4.585E+01
  1.890E+03 -1.447E+00
  1.899E+03  4.538E+01
  1.907E+03  4.539E+01
  1.916E+03  2.249E+01
  1.928E+03  2.251E+01
  1.942E+03 -1.869E+00
  1.956E+03 -1.848E+00
  1.971E+03 -1.826E+00
