# Digitized by GSYS2.4.7
# Date =  6.May.2015,  15:58:49
# Number of data = 241
# set xrange[0.0, 2000.0]
# set yrange[200.0, 800.0] 
# MD5Fig : 2e328b9cd389156ee58730357df56a0a
# Axis_X : 3fc6bf45449ea2be3fe5d4e161a7396f3fe65787d5a3b6f33fe5e079bfdd36e5
# Axis_Y : 3fc4e8fb91c6ba153fe11efb1bb841393fc4f6f0269d96c53fb847056cd26f3e
#    x          y    
  8.220E+00  9.860E+00
  2.502E+01  1.835E+01
  4.442E+01  2.376E+01
  6.253E+01  2.839E+01
  7.286E+01  3.610E+01
  8.576E+01  5.152E+01
  9.084E+01  8.926E+01
  1.021E+02  2.317E+02
  1.111E+02  7.346E+02
  1.231E+02  5.891E+02
  1.322E+02  1.201E+02
  1.440E+02  4.541E+01
  1.518E+02  3.541E+01
  1.621E+02  4.235E+01
  1.712E+02  5.314E+01
  1.828E+02  5.315E+01
  1.906E+02  6.163E+01
  1.983E+02  7.011E+01
  2.124E+02  1.371E+02
  2.210E+02  2.950E+02
  2.310E+02  4.182E+02
  2.405E+02  2.519E+02
  2.499E+02  1.325E+02
  2.604E+02  6.786E+01
  2.722E+02  4.554E+01
  2.877E+02  4.016E+01
  2.890E+02  3.939E+01
  3.494E+02  2.089E+02
  3.624E+02  1.873E+02
  3.674E+02  2.466E+02
  3.827E+02  3.136E+02
  3.933E+02  2.220E+02
  4.001E+02  9.880E+01
  4.104E+02  1.342E+02
  4.208E+02  1.250E+02
  4.338E+02  1.119E+02
  4.441E+02  1.058E+02
  4.505E+02  1.443E+02
  4.607E+02  2.013E+02
  4.724E+02  1.913E+02
  4.815E+02  1.589E+02
  4.919E+02  1.536E+02
  5.024E+02  1.097E+02
  5.113E+02  1.420E+02
  5.217E+02  1.497E+02
  5.308E+02  1.313E+02
  5.424E+02  1.197E+02
  5.516E+02  8.816E+01
  5.607E+02  5.737E+01
  5.710E+02  8.048E+01
  5.813E+02  1.252E+02
  5.903E+02  1.213E+02
  6.019E+02  1.537E+02
  6.107E+02  2.353E+02
  6.210E+02  2.499E+02
  6.301E+02  2.646E+02
  6.433E+02  1.583E+02
  6.486E+02  1.052E+02
  6.588E+02  1.776E+02
  6.707E+02  7.904E+01
  6.795E+02  1.591E+02
  6.927E+02  9.138E+01
  7.031E+02  7.214E+01
  7.092E+02  1.838E+02
  7.235E+02  1.715E+02
  7.303E+02  4.521E+01
  7.418E+02  9.220E+01
  7.522E+02  8.835E+01
  7.600E+02  6.064E+01
  7.690E+02  8.683E+01
  7.793E+02  1.246E+02
  7.910E+02  1.123E+02
  7.984E+02  2.178E+02
  8.112E+02  2.725E+02
  8.205E+02  1.924E+02
  8.285E+02  1.162E+02
  8.389E+02  1.015E+02
  8.494E+02  4.532E+01
  8.596E+02  1.015E+02
  8.712E+02  1.170E+02
  8.804E+02  8.155E+01
  8.920E+02  7.232E+01
  9.022E+02  1.362E+02
  9.099E+02  1.686E+02
  9.176E+02  1.786E+02
  9.320E+02  1.247E+02
  9.437E+02  1.009E+02
  9.516E+02  5.389E+01
  9.619E+02  7.547E+01
  9.723E+02  5.160E+01
  9.840E+02  3.390E+01
  9.904E+02  6.702E+01
  1.002E+03  7.550E+01
  1.010E+03  1.025E+02
  1.021E+03  8.784E+01
  1.032E+03  1.841E+02
  1.041E+03  1.233E+02
  1.054E+03  1.318E+02
  1.062E+03  2.858E+02
  1.073E+03  2.719E+02
  1.083E+03  2.797E+02
  1.094E+03  2.204E+02
  1.103E+03  1.387E+02
  1.112E+03  2.111E+02
  1.120E+03  3.244E+02
  1.132E+03  4.738E+02
  1.144E+03  3.575E+02
  1.152E+03  2.281E+02
  1.164E+03  1.534E+02
  1.170E+03  2.946E+01
  1.181E+03  4.718E+01
  1.194E+03  3.304E+00
  1.200E+03  5.875E+01
  1.213E+03  4.876E+01
  1.225E+03  6.032E+01
  1.244E+03  3.338E+01
  1.251E+03  7.960E+01
  1.261E+03  9.116E+01
  1.271E+03  7.114E+01
  1.282E+03  6.114E+01
  1.289E+03  1.320E+02
  1.302E+03  1.528E+02
  1.309E+03  8.350E+01
  1.319E+03  7.504E+01
  1.331E+03  8.198E+01
  1.337E+03  7.660E+01
  1.349E+03  8.354E+01
  1.362E+03  6.353E+01
  1.371E+03  9.357E+01
  1.379E+03  2.427E+01
  1.389E+03  5.355E+01
  1.401E+03  7.666E+01
  1.413E+03  1.521E+02
  1.429E+03  1.106E+02
  1.439E+03  8.979E+01
  1.448E+03  9.827E+01
  1.459E+03  2.281E+01
  1.468E+03  5.439E+01
  1.477E+03  3.515E+01
  1.489E+03  4.517E+01
  1.499E+03  5.519E+01
  1.511E+03  3.441E+01
  1.521E+03  2.364E+01
  1.529E+03  3.443E+01
  1.540E+03  5.677E+01
  1.553E+03  3.445E+01
  1.568E+03  5.834E+01
  1.588E+03  5.759E+01
  1.600E+03  9.456E+01
  1.606E+03  1.300E+02
  1.622E+03  9.613E+01
  1.633E+03  1.808E+02
  1.646E+03  2.309E+02
  1.657E+03  3.410E+02
  1.670E+03  1.840E+02
  1.685E+03  4.921E+01
  1.698E+03  1.116E+02
  1.709E+03  3.768E+01
  1.718E+03  2.614E+01
  1.727E+03  5.002E+01
  1.739E+03  3.771E+01
  1.744E+03  2.463E+01
  1.755E+03  5.082E+01
  1.768E+03  1.464E+01
  1.779E+03  3.929E+01
  1.786E+03  6.471E+01
  1.798E+03  2.347E+00
  1.807E+03  2.469E+01
  1.818E+03  2.366E+00
  1.825E+03  2.471E+01
  1.836E+03  1.613E+00
  1.850E+03  2.627E+01
  1.867E+03  6.556E+01
  1.880E+03  8.020E+01
  1.896E+03  2.708E+01
  1.904E+03  1.708E+01
  1.913E+03  2.787E+01
  1.925E+03  6.716E+01
  1.935E+03  5.638E+01
  1.944E+03  2.559E+01
  1.955E+03  9.568E+01
  1.966E+03  5.487E+01
  1.975E+03  2.947E+01
  1.983E+03  6.952E+01
  1.996E+03  4.335E+01
  2.004E+03  8.417E+01
  2.013E+03  7.032E+01
  2.024E+03  1.289E+02
  2.039E+03  1.158E+02
  2.058E+03  7.113E+01
  2.063E+03  3.033E+01
  2.074E+03  1.262E+01
  2.083E+03  2.803E+01
  2.091E+03  3.193E-01
  2.104E+03  1.419E+01
  2.113E+03  4.346E+01
  2.127E+03 -1.186E+00
  2.142E+03  1.346E+01
  2.152E+03  3.780E-01
  2.166E+03  1.271E+01
  2.177E+03  1.272E+01
  2.189E+03  4.143E-01
  2.201E+03  7.512E+01
  2.211E+03  3.047E+01
  2.219E+03  4.434E+01
  2.232E+03 -3.146E-01
  2.243E+03  4.513E+01
  2.252E+03  1.588E+01
  2.260E+03  2.821E+01
  2.273E+03  4.439E+01
  2.285E+03 -2.574E+00
  2.292E+03  7.906E+01
  2.303E+03  1.747E+01
  2.315E+03  3.057E+01
  2.325E+03  1.441E+01
  2.333E+03 -1.757E+00
  2.343E+03  6.371E+01
  2.351E+03  4.908E+01
  2.364E+03  1.675E+01
  2.370E+03  3.293E+01
  2.386E+03  1.601E+01
  2.403E+03  3.065E+01
  2.413E+03 -1.680E+00
  2.422E+03  4.761E+01
  2.428E+03  6.456E+01
  2.443E+03  3.454E+01
  2.452E+03  1.607E+01
  2.472E+03  1.686E+01
  2.489E+03  2.997E+01
  2.498E+03  1.611E+01
  2.510E+03  6.849E+01
  2.526E+03  1.768E+01
  2.536E+03  3.386E+01
  2.549E+03  1.693E+01
  2.563E+03  7.754E-01
  2.572E+03  1.619E+01
  2.584E+03  2.537E-02
  2.590E+03  5.163E+01
  2.610E+03 -1.490E+00
  2.620E+03  3.471E+01
  2.641E+03 -1.460E+00
