# Digitized by GSYS2.4.2
# Date =  23.Aug.2017,  15:14:50
# Number of data = 190
# set xrange[0.0, 4.0]
# set yrange[0.0, 0.015] 
# MD5Fig : a47f8792460ee32a8d6dad6ba6832ef8
# Axis_X : 3fd5aef7e596f57f3fd516eb084a1e3b3fe958f4b4087e253fd532230d8ad6b0
# Axis_Y : 3fd5aef7e596f57f3fd516eb084a1e3b3fd5c8940ece47d43fc5e991cc4ff833
#   x       y  
 3.1172  0.0001
 2.0412  0.0002
 1.9618  0.0003
 2.0272  0.0004
 1.5720  0.0005
 1.9373  0.0007
 2.0269  0.0007
 1.8166  0.0007
 1.5959  0.0007
 2.0510  0.0007
 1.9855  0.0008
 2.0027  0.0008
 2.0682  0.0008
 1.8440  0.0009
 1.9819  0.0009
 1.6440  0.0009
 1.9474  0.0009
 1.6750  0.0009
 1.7060  0.0010
 1.7749  0.0010
 1.5817  0.0011
 2.0127  0.0012
 1.8713  0.0012
 1.6299  0.0013
 1.5919  0.0013
 1.7747  0.0013
 1.7436  0.0013
 1.5401  0.0013
 1.7608  0.0014
 1.5021  0.0015
 1.6124  0.0015
 1.7020  0.0016
 1.7916  0.0016
 1.8572  0.0016
 1.7227  0.0016
 1.8776  0.0018
 1.6845  0.0018
 1.8086  0.0019
 1.9396  0.0019
 1.1395  0.0020
 1.9257  0.0020
 1.7499  0.0020
 1.6533  0.0021
 1.3395  0.0021
 1.7256  0.0022
 1.4083  0.0022
 1.5669  0.0022
 1.6634  0.0023
 1.5565  0.0023
 1.1220  0.0023
 1.5116  0.0024
 1.6254  0.0024
 1.4771  0.0024
 1.1701  0.0025
 1.1424  0.0026
 1.1079  0.0026
 1.5182  0.0027
 1.2285  0.0028
 1.9043  0.0028
 1.0973  0.0029
 1.0594  0.0029
 1.3972  0.0030
 1.4903  0.0030
 0.7696  0.0031
 1.8247  0.0031
 1.3729  0.0032
 1.5349  0.0033
 1.0866  0.0033
 1.8900  0.0033
 1.3866  0.0033
 1.2589  0.0034
 0.6451  0.0034
 1.3278  0.0035
 1.3589  0.0035
 1.4071  0.0035
 0.8830  0.0035
 1.9312  0.0035
 0.9070  0.0036
 0.8897  0.0037
 1.1173  0.0037
 1.5517  0.0037
 0.7034  0.0037
 1.4103  0.0038
 0.8586  0.0038
 1.1586  0.0038
 0.9171  0.0038
 1.4240  0.0039
 0.8998  0.0039
 0.7515  0.0040
 0.9377  0.0040
 1.2273  0.0040
 0.8652  0.0041
 1.3135  0.0041
 1.3203  0.0041
 0.5617  0.0041
 1.2410  0.0042
 0.6858  0.0042
 0.8512  0.0043
 1.2132  0.0043
 0.6822  0.0044
 1.3821  0.0044
 0.6958  0.0045
 1.2924  0.0045
 0.5475  0.0046
 0.7751  0.0046
 0.7992  0.0046
 1.0819  0.0046
 0.7095  0.0047
 1.0060  0.0047
 1.2508  0.0047
 0.5922  0.0047
 1.3163  0.0048
 1.0749  0.0048
 0.6542  0.0048
 1.3094  0.0048
 0.9852  0.0048
 0.7231  0.0049
 1.4231  0.0049
 0.3748  0.0049
 0.6368  0.0050
 1.4747  0.0050
 0.9298  0.0050
 1.4367  0.0051
 0.3676  0.0053
 0.4537  0.0053
 0.7399  0.0054
 0.5157  0.0054
 1.1743  0.0055
 1.2741  0.0057
 0.9982  0.0057
 1.0706  0.0057
 1.1844  0.0058
 0.9430  0.0058
 1.3050  0.0058
 0.7533  0.0058
 0.5705  0.0058
 0.5429  0.0058
 0.4980  0.0059
 0.9704  0.0059
 0.0635  0.0060
 0.7876  0.0060
 0.4290  0.0060
 0.7289  0.0061
 0.3323  0.0061
 0.3565  0.0061
 0.5220  0.0061
 0.5874  0.0062
 0.8495  0.0062
 0.0942  0.0063
 0.8252  0.0063
 0.4080  0.0063
 0.2217  0.0063
 0.2597  0.0063
 0.2941  0.0064
 0.0493  0.0064
 0.6044  0.0065
 0.4250  0.0065
 0.5077  0.0067
 0.4973  0.0067
 0.2938  0.0068
 0.2006  0.0068
 0.0764  0.0069
 0.2695  0.0069
 0.4005  0.0069
 0.4797  0.0070
 0.8177  0.0070
 0.3521  0.0071
 0.2106  0.0072
 0.2520  0.0072
 0.3141  0.0072
 0.0898  0.0073
 0.1174  0.0074
 0.0448  0.0075
 0.9724  0.0075
 0.4447  0.0076
 0.2723  0.0076
 0.1894  0.0077
 0.5373  0.0082
 0.2407  0.0083
 0.1059  0.0086
 0.1470  0.0089
 0.0297  0.0089
 0.1224  0.0094
 1.0153  0.0096
 0.1599  0.0099
 1.0253  0.0100
 0.0216  0.0103
 1.1938  0.0105
 1.4442  0.0120
 0.0170  0.0153
