# Digitized by GSYS2.4.2
# Date =  23.Aug.2017,  14:10:32
# Number of data = 166
# set xrange[0.0, 3.8]
# set yrange[0.0, 0.05] 
# MD5Fig : 0338b51186af4554dbf28b7706ae9a3f
# Axis_X : 3fd819fafd4f25c43fe5372e225fe30e3feaa43bc1469c703fe542090bc27cd5
# Axis_Y : 3fd819fafd4f25c43fe5372e225fe30e3fd8339ce1ac2c973fdda3b7fdd62d3b
#   x       y  
 1.2294  0.0001
 1.3653  0.0001
 0.1480  0.0001
 2.1144  0.0001
 0.2477  0.0001
 0.8941  0.0001
 0.2628  0.0001
 1.5556  0.0001
 1.5768  0.0001
 1.6190  0.0001
 1.2686  0.0002
 0.1389  0.0002
 1.4257  0.0002
 0.8276  0.0002
 1.5314  0.0002
 0.9484  0.0002
 1.0542  0.0002
 1.0753  0.0002
 1.4559  0.0002
 0.9665  0.0003
 1.5857  0.0005
 1.6220  0.0005
 1.3380  0.0006
 1.5374  0.0006
 1.3017  0.0006
 1.5494  0.0006
 1.6068  0.0006
 1.3621  0.0007
 0.8818  0.0007
 0.1961  0.0008
 1.3259  0.0008
 0.2173  0.0008
 1.2443  0.0009
 0.9060  0.0009
 1.1083  0.0009
 1.4255  0.0011
 1.2200  0.0012
 1.0781  0.0012
 1.1686  0.0014
 1.2139  0.0015
 1.4344  0.0016
 1.2682  0.0017
 1.4555  0.0018
 0.5191  0.0019
 1.1564  0.0019
 0.5342  0.0019
 1.4434  0.0019
 0.8241  0.0021
 1.2500  0.0022
 1.1442  0.0023
 1.2137  0.0023
 0.2501  0.0023
 0.8089  0.0023
 0.8844  0.0023
 0.2350  0.0024
 0.5793  0.0025
 0.8693  0.0026
 1.1441  0.0026
 0.6789  0.0028
 1.4401  0.0028
 0.6034  0.0028
 1.1349  0.0032
 0.0988  0.0034
 0.8691  0.0034
 1.3070  0.0036
 1.3281  0.0037
 0.6606  0.0037
 0.9052  0.0038
 0.8267  0.0039
 0.8599  0.0039
 0.7873  0.0040
 0.8387  0.0042
 0.7692  0.0042
 0.9413  0.0043
 0.5999  0.0047
 0.6573  0.0048
 0.6845  0.0048
 0.0078  0.0050
 0.6904  0.0051
 0.8595  0.0052
 0.7296  0.0053
 0.9985  0.0053
 0.6480  0.0055
 0.8474  0.0055
 0.5271  0.0058
 0.4002  0.0058
 0.0438  0.0060
 0.5422  0.0060
 0.2521  0.0061
 1.0526  0.0061
 0.9952  0.0062
 0.8351  0.0064
 0.9800  0.0064
 1.0133  0.0064
 0.2671  0.0065
 1.0434  0.0067
 0.6870  0.0067
 0.7897  0.0068
 0.8440  0.0068
 0.3818  0.0069
 0.0465  0.0070
 1.0101  0.0070
 0.3606  0.0072
 0.0585  0.0072
 0.9587  0.0072
 1.0191  0.0073
 0.4028  0.0074
 0.8076  0.0074
 0.9677  0.0075
 0.4572  0.0076
 0.4692  0.0076
 0.7018  0.0077
 0.4148  0.0078
 0.3393  0.0079
 0.7289  0.0080
 0.3634  0.0080
 1.1186  0.0081
 0.7168  0.0081
 1.1306  0.0082
 0.1368  0.0082
 1.0219  0.0083
 0.5838  0.0083
 0.3814  0.0084
 0.2153  0.0084
 0.1458  0.0085
 1.0308  0.0085
 0.1216  0.0086
 0.5717  0.0087
 0.5384  0.0088
 0.0551  0.0089
 0.9764  0.0090
 0.7105  0.0091
 0.1577  0.0091
 0.2241  0.0092
 0.4507  0.0093
 0.5745  0.0096
 0.5503  0.0096
 1.0366  0.0098
 0.0699  0.0098
 0.4172  0.0101
 0.7524  0.0105
 0.5682  0.0105
 0.7675  0.0106
 0.2660  0.0107
 0.0726  0.0110
 0.0847  0.0113
 0.2931  0.0114
 0.0905  0.0119
 0.3020  0.0119
 0.1026  0.0121
 0.3439  0.0135
 0.5191  0.0135
 0.3106  0.0138
 0.5099  0.0139
 0.1043  0.0170
 0.1161  0.0181
 0.1975  0.0188
 0.1853  0.0190
 0.1638  0.0204
 0.1910  0.0206
 0.1183  0.0214
 0.1303  0.0214
 0.5118  0.0414
 0.4965  0.0421
 0.4775  0.0456
 0.4926  0.0456
