# Digitized by GSYS2.4.7
# Date =  26.Apr.2017,  11:0:20
# Number of data = 180
# set xrange[25.0, 125.0]
# set yrange[0.0, 800.0] 
# MD5Fig : 7410f71611294d80603562cd6ce8c90d
# Axis_X : 3fcd89d89d89d89e3feb013fb013fb013fea7363d7eca7383feafa96afa96afb
# Axis_Y : 3fc9a6ddcc2d9a6e3feb013fb013fb013fc995769c397e393fd1d8de2e995bfe
#    x          y    
  2.130E+01  1.640E+01
  2.251E+01  1.755E+01
  2.394E+01  1.521E+01
  2.428E+01  8.221E+00
  2.519E+01  1.578E+01
  2.622E+01  1.053E+01
  2.760E+01  1.226E+01
  2.835E+01  1.225E+01
  2.926E+01  7.582E+00
  3.018E+01  1.106E+01
  3.155E+01  1.512E+01
  3.235E+01  9.292E+00
  3.344E+01  1.975E+01
  3.424E+01  1.509E+01
  3.527E+01  1.566E+01
  3.681E+01  1.564E+01
  3.859E+01  1.970E+01
  4.031E+01  2.142E+01
  4.134E+01  2.374E+01
  4.254E+01  2.023E+01
  4.335E+01  3.070E+01
  4.495E+01  3.359E+01
  4.592E+01  2.834E+01
  4.672E+01  3.531E+01
  4.798E+01  3.355E+01
  4.866E+01  2.249E+01
  4.930E+01  3.237E+01
  5.033E+01  3.411E+01
  5.073E+01  2.072E+01
  5.135E+01  3.235E+01
  5.181E+01  3.991E+01
  5.227E+01  2.768E+01
  5.267E+01  3.990E+01
  5.405E+01  3.930E+01
  5.490E+01  3.406E+01
  5.531E+01  4.103E+01
  5.577E+01  3.579E+01
  5.617E+01  4.161E+01
  5.719E+01  4.858E+01
  5.771E+01  4.042E+01
  5.828E+01  4.333E+01
  5.874E+01  6.427E+01
  5.920E+01  5.030E+01
  5.972E+01  5.611E+01
  6.006E+01  6.309E+01
  6.081E+01  6.890E+01
  6.110E+01  8.985E+01
  6.178E+01  8.111E+01
  6.212E+01  9.566E+01
  6.304E+01  1.137E+02
  6.396E+01  1.474E+02
  6.414E+01  1.858E+02
  6.472E+01  1.951E+02
  6.518E+01  2.364E+02
  6.558E+01  3.028E+02
  6.610E+01  3.266E+02
  6.674E+01  4.535E+02
  6.732E+01  4.738E+02
  6.773E+01  5.187E+02
  6.830E+01  5.693E+02
  6.888E+01  6.286E+02
  6.918E+01  6.938E+02
  6.997E+01  6.885E+02
  7.020E+01  7.008E+02
  7.084E+01  7.252E+02
  7.124E+01  6.955E+02
  7.174E+01  5.983E+02
  7.231E+01  5.500E+02
  7.265E+01  5.442E+02
  7.321E+01  4.779E+02
  7.384E+01  4.069E+02
  7.441E+01  3.585E+02
  7.474E+01  3.207E+02
  7.542E+01  2.724E+02
  7.577E+01  2.596E+02
  7.627E+01  2.096E+02
  7.679E+01  1.828E+02
  7.759E+01  1.566E+02
  7.821E+01  1.316E+02
  7.879E+01  1.048E+02
  7.935E+01  8.906E+01
  7.970E+01  9.604E+01
  8.033E+01  7.566E+01
  8.073E+01  6.809E+01
  8.130E+01  7.507E+01
  8.181E+01  6.517E+01
  8.227E+01  4.712E+01
  8.267E+01  5.992E+01
  8.319E+01  4.828E+01
  8.353E+01  5.468E+01
  8.427E+01  5.641E+01
  8.485E+01  4.535E+01
  8.519E+01  5.407E+01
  8.582E+01  4.417E+01
  8.634E+01  3.253E+01
  8.668E+01  4.475E+01
  8.748E+01  3.834E+01
  8.828E+01  3.891E+01
  8.891E+01  2.959E+01
  8.959E+01  3.715E+01
  9.017E+01  2.434E+01
  9.086E+01  3.539E+01
  9.177E+01  3.189E+01
  9.240E+01  2.548E+01
  9.274E+01  3.071E+01
  9.326E+01  2.547E+01
  9.423E+01  2.895E+01
  9.463E+01  2.487E+01
  9.537E+01  1.962E+01
  9.606E+01  2.252E+01
  9.715E+01  2.775E+01
  9.773E+01  1.727E+01
  9.807E+01  2.250E+01
  9.921E+01  1.958E+01
  1.001E+02  2.248E+01
  1.006E+02  2.655E+01
  1.013E+02  2.014E+01
  1.023E+02  1.372E+01
  1.028E+02  2.245E+01
  1.037E+02  2.069E+01
  1.042E+02  2.534E+01
  1.046E+02  1.719E+01
  1.053E+02  9.616E+00
  1.054E+02  1.776E+01
  1.062E+02  1.484E+01
  1.067E+02  1.891E+01
  1.080E+02  1.249E+01
  1.088E+02  8.994E+00
  1.096E+02  1.248E+01
  1.105E+02  1.363E+01
  1.112E+02  1.769E+01
  1.115E+02  8.963E+00
  1.122E+02  1.536E+01
  1.128E+02  1.069E+01
  1.139E+02  1.126E+01
  1.146E+02  1.766E+01
  1.151E+02  9.503E+00
  1.151E+02  9.504E+00
  1.157E+02  1.415E+01
  1.167E+02  1.123E+01
  1.170E+02  1.588E+01
  1.178E+02  1.704E+01
  1.185E+02  1.237E+01
  1.192E+02  7.128E+00
  1.198E+02  1.119E+01
  1.205E+02  1.584E+01
  1.212E+02  1.758E+01
  1.225E+02  1.233E+01
  1.233E+02  1.290E+01
  1.242E+02  1.813E+01
  1.248E+02  1.463E+01
  1.257E+02  1.462E+01
  1.262E+02  7.629E+00
  1.272E+02  9.946E+00
  1.277E+02  4.703E+00
  1.288E+02  1.051E+01
  1.301E+02  6.421E+00
  1.307E+02  1.049E+01
  1.313E+02  6.408E+00
  1.315E+02  1.339E+01
  1.323E+02  8.724E+00
  1.326E+02  1.337E+01
  1.332E+02  2.893E+00
  1.340E+02  8.122E+00
  1.346E+02  1.335E+01
  1.352E+02  6.944E+00
  1.356E+02  1.120E+00
  1.363E+02  9.841E+00
  1.378E+02  1.041E+01
  1.382E+02  2.254E+00
  1.388E+02  6.903E+00
  1.396E+02  1.388E+01
  1.405E+02  8.047E+00
  1.414E+02  8.037E+00
  1.425E+02  6.860E+00
  1.436E+02  6.848E+00
  1.446E+02  1.265E+01
  1.455E+02  7.407E+00
  1.469E+02  3.317E+00
  1.478E+02  8.544E+00
