# Digitized by GSYS2.4.2
# Date =  9.May.2017,  14:38:41
# Number of data = 99
# set xrange[0.0, 4.3]
# set yrange[0.0, 0.02] 
# MD5Fig : 7a7803c82f7ec9e37751e475fd5376b3
# Axis_X : 3fd415355221d02e3fd5fd130463796b3fe8ac118e93dadc3fd5fd130463796b
# Axis_Y : 3fd415355221d02e3fd5fd130463796b3fd415355221d02e3fc58bf258bf258c
#   x       y  
 3.1644  0.0000
 1.1981  0.0001
 1.2716  0.0001
 1.1467  0.0001
 1.1687  0.0001
 1.1209  0.0002
 1.2238  0.0002
 1.0952  0.0004
 0.8968  0.0004
 1.1136  0.0005
 1.2459  0.0005
 1.2422  0.0011
 1.2018  0.0011
 1.2202  0.0012
 0.0221  0.0013
 1.0254  0.0013
 1.0621  0.0015
 0.9151  0.0015
 1.3010  0.0016
 0.9739  0.0018
 0.8821  0.0018
 1.2128  0.0022
 1.0033  0.0022
 0.9445  0.0023
 1.1026  0.0024
 0.8049  0.0024
 1.1356  0.0024
 1.2606  0.0025
 0.7093  0.0025
 0.8747  0.0026
 0.9813  0.0026
 0.8563  0.0027
 0.9262  0.0027
 1.0879  0.0028
 0.7534  0.0028
 0.9041  0.0029
 0.8563  0.0030
 0.8453  0.0032
 0.9372  0.0032
 0.7791  0.0037
 0.9556  0.0040
 0.5145  0.0040
 0.7902  0.0041
 0.6689  0.0042
 0.5880  0.0043
 0.5623  0.0043
 0.5770  0.0047
 0.7608  0.0050
 0.7203  0.0050
 0.6505  0.0051
 0.7791  0.0051
 0.6174  0.0051
 1.0144  0.0052
 0.8012  0.0057
 0.5256  0.0057
 0.6321  0.0058
 0.4851  0.0059
 0.7020  0.0059
 1.1687  0.0059
 0.6064  0.0060
 0.4410  0.0063
 0.8379  0.0064
 1.0548  0.0070
 0.4557  0.0071
 0.5035  0.0072
 0.4484  0.0078
 0.5403  0.0079
 0.4778  0.0084
 0.4153  0.0085
 0.3932  0.0086
 0.4190  0.0088
 0.4410  0.0089
 0.3528  0.0090
 0.4006  0.0094
 0.1948  0.0095
 0.0882  0.0117
 0.3344  0.0120
 0.2977  0.0122
 0.2021  0.0123
 0.1654  0.0126
 0.2646  0.0127
 0.1580  0.0129
 0.2352  0.0130
 0.2095  0.0135
 0.1801  0.0135
 0.0772  0.0137
 0.3197  0.0142
 0.3050  0.0143
 0.2242  0.0145
 0.2793  0.0146
 0.2646  0.0148
 0.3050  0.0152
 0.1470  0.0163
 0.1323  0.0164
 0.2756  0.0164
 0.3749  0.0164
 0.2426  0.0168
 0.0368  0.0170
 0.1250  0.0173
