# Digitized by GSYS2.4.2
# Date =  13.Sep.2017,  15:38:45
# Number of data = 157
# set xrange[0.0, 1.1]
# set yrange[0.0, 0.04] 
# MD5Fig : 2be84eb0715cddf4b32fbde74f507c4b
# Axis_X : 3fd4aede496dbe2d3fd5f92c5f92c5f93fe8d5b426b0e1ab3fd6149320b90662
# Axis_Y : 3fd4aede496dbe2d3fd5f92c5f92c5f93fd4cee17cf2e5173fc2cdc67600f9a9
#   x       y  
 0.9007  0.0001
 0.8798  0.0002
 0.8874  0.0003
 0.8579  0.0006
 0.8494  0.0006
 0.8769  0.0006
 0.8702  0.0007
 0.8636  0.0008
 0.8227  0.0009
 0.8370  0.0009
 0.8892  0.0010
 0.8977  0.0011
 0.8180  0.0012
 0.8104  0.0012
 0.8417  0.0013
 0.8493  0.0013
 0.7809  0.0015
 0.7885  0.0015
 0.8008  0.0016
 0.8094  0.0016
 0.7913  0.0017
 0.7202  0.0017
 0.7287  0.0017
 0.7970  0.0017
 0.7192  0.0021
 0.7581  0.0021
 0.6802  0.0022
 0.7087  0.0022
 0.7780  0.0022
 0.6869  0.0022
 0.7505  0.0022
 0.7628  0.0024
 0.7305  0.0025
 0.7381  0.0025
 0.6603  0.0026
 0.6773  0.0026
 0.7494  0.0029
 0.7418  0.0030
 0.6099  0.0033
 0.6194  0.0033
 0.7086  0.0034
 0.7000  0.0035
 0.6886  0.0038
 0.6971  0.0038
 0.6364  0.0038
 0.6297  0.0039
 0.6193  0.0041
 0.6591  0.0042
 0.6268  0.0042
 0.6392  0.0042
 0.6079  0.0043
 0.6003  0.0043
 0.5699  0.0046
 0.5784  0.0046
 0.5490  0.0046
 0.5575  0.0046
 0.5974  0.0047
 0.5888  0.0048
 0.5593  0.0052
 0.5679  0.0052
 0.5801  0.0059
 0.5887  0.0059
 0.5393  0.0060
 0.5004  0.0061
 0.5450  0.0061
 0.5478  0.0061
 0.5165  0.0062
 0.4795  0.0065
 0.4880  0.0066
 0.4984  0.0069
 0.4899  0.0069
 0.4575  0.0077
 0.4499  0.0078
 0.4783  0.0083
 0.4707  0.0084
 0.0008  0.0091
 0.4364  0.0093
 0.0188  0.0093
 0.4298  0.0093
 0.4478  0.0094
 0.4421  0.0094
 0.4592  0.0095
 0.4677  0.0096
 0.4088  0.0102
 0.4173  0.0103
 0.3291  0.0104
 0.3376  0.0104
 0.4069  0.0105
 0.3993  0.0105
 0.4192  0.0106
 0.4277  0.0107
 0.3280  0.0111
 0.3185  0.0111
 0.3498  0.0112
 0.3574  0.0112
 0.3089  0.0119
 0.3175  0.0119
 0.3877  0.0119
 0.3792  0.0119
 0.3383  0.0121
 0.3488  0.0121
 0.3896  0.0122
 0.3962  0.0123
 0.3763  0.0124
 0.3677  0.0124
 0.3591  0.0132
 0.3069  0.0133
 0.3657  0.0133
 0.2888  0.0133
 0.2878  0.0144
 0.2782  0.0146
 0.2772  0.0158
 0.2686  0.0158
 0.0188  0.0173
 0.0274  0.0174
 0.2674  0.0184
 0.2588  0.0184
 0.1372  0.0191
 0.1458  0.0191
 0.1884  0.0201
 0.1979  0.0202
 0.2187  0.0202
 0.2083  0.0202
 0.2196  0.0211
 0.2367  0.0211
 0.2404  0.0214
 0.2471  0.0215
 0.1986  0.0222
 0.2081  0.0222
 0.1369  0.0224
 0.1283  0.0225
 0.1871  0.0227
 0.1681  0.0228
 0.0799  0.0229
 0.0884  0.0229
 0.2507  0.0230
 0.2583  0.0230
 0.1671  0.0233
 0.1595  0.0233
 0.1491  0.0235
 0.1567  0.0235
 0.1091  0.0240
 0.1177  0.0240
 0.1185  0.0248
 0.1280  0.0249
 0.0891  0.0253
 0.1061  0.0254
 0.0289  0.0282
 0.0783  0.0283
 0.0384  0.0284
 0.0707  0.0284
 0.0411  0.0294
 0.0487  0.0295
 0.0691  0.0332
 0.0606  0.0333
 0.0582  0.0371
 0.0506  0.0372
