# Digitized by GSYS2.4.2
# Date =  9.May.2017,  14:27:12
# Number of data = 163
# set xrange[0.0, 2.5]
# set yrange[0.0, 0.04] 
# MD5Fig : 857b44020d83836f4534ba5fa42a49c9
# Axis_X : 3fd87c0c67a3f6cc3fd610943c76faa33fea5909444917e93fd610943c76faa3
# Axis_Y : 3fd87c0c67a3f6cc3fd610943c76faa33fd87c0c67a3f6cc3fc277f44c118de6
#   x       y  
 1.6977  0.0000
 1.0860  0.0001
 1.1148  0.0001
 0.0089  0.0001
 1.1480  0.0001
 1.1636  0.0001
 1.0838  0.0005
 1.1259  0.0005
 1.1348  0.0005
 0.9286  0.0006
 0.9375  0.0006
 1.0195  0.0008
 1.0284  0.0008
 0.9752  0.0008
 1.0705  0.0008
 1.1613  0.0008
 0.9530  0.0010
 0.9043  0.0011
 0.9641  0.0011
 0.9973  0.0011
 0.9863  0.0013
 1.0217  0.0014
 1.0705  0.0014
 1.1104  0.0014
 0.8555  0.0014
 0.8422  0.0015
 1.0594  0.0015
 0.8710  0.0015
 1.0084  0.0016
 0.8843  0.0017
 0.9220  0.0018
 1.0594  0.0018
 0.8134  0.0018
 1.0527  0.0019
 1.0949  0.0019
 0.8400  0.0020
 0.9951  0.0020
 0.9131  0.0020
 0.8289  0.0021
 0.9419  0.0021
 0.9486  0.0021
 0.8932  0.0022
 0.9774  0.0022
 1.0062  0.0022
 0.7425  0.0023
 0.9885  0.0023
 1.0284  0.0023
 0.7092  0.0024
 0.8045  0.0024
 1.0483  0.0024
 0.7624  0.0024
 0.7757  0.0025
 1.0372  0.0025
 0.7890  0.0026
 0.8688  0.0026
 0.8799  0.0027
 0.8223  0.0028
 0.7159  0.0028
 0.7846  0.0030
 0.6560  0.0031
 0.6649  0.0031
 0.6893  0.0031
 0.5962  0.0031
 0.5895  0.0032
 0.7292  0.0034
 0.6272  0.0035
 0.6693  0.0036
 0.6361  0.0036
 0.7513  0.0036
 0.5962  0.0042
 0.6250  0.0044
 0.6981  0.0045
 0.6582  0.0045
 0.5873  0.0046
 0.6139  0.0046
 0.7048  0.0047
 0.5363  0.0048
 0.5785  0.0048
 0.5430  0.0048
 0.5120  0.0051
 0.6383  0.0051
 0.5053  0.0052
 0.5341  0.0052
 0.5452  0.0053
 0.5275  0.0054
 0.5541  0.0054
 0.5541  0.0059
 0.5762  0.0061
 0.4765  0.0063
 0.4832  0.0064
 0.5142  0.0066
 0.4366  0.0068
 0.4455  0.0068
 0.5208  0.0069
 0.3635  0.0071
 0.5253  0.0071
 0.3524  0.0072
 0.4477  0.0073
 0.5053  0.0073
 0.4610  0.0074
 0.4366  0.0075
 0.4809  0.0075
 0.4721  0.0076
 0.4876  0.0077
 0.4056  0.0078
 0.4189  0.0078
 0.3967  0.0080
 0.3657  0.0091
 0.3768  0.0093
 0.3746  0.0096
 0.3768  0.0097
 0.3834  0.0099
 0.3524  0.0105
 0.3324  0.0110
 0.3834  0.0111
 0.3901  0.0111
 0.3214  0.0117
 0.3036  0.0118
 0.2859  0.0132
 0.3236  0.0133
 0.3324  0.0133
 0.2770  0.0143
 0.2948  0.0144
 0.3014  0.0146
 0.2527  0.0147
 0.2283  0.0148
 0.1884  0.0155
 0.1950  0.0155
 0.2770  0.0156
 0.2615  0.0161
 0.2571  0.0167
 0.1862  0.0168
 0.1928  0.0171
 0.1751  0.0172
 0.2216  0.0172
 0.1973  0.0173
 0.1707  0.0181
 0.1441  0.0190
 0.1463  0.0198
 0.1352  0.0200
 0.1330  0.0210
 0.1263  0.0213
 0.1263  0.0228
 0.1152  0.0230
 0.0820  0.0241
 0.0776  0.0242
 0.0931  0.0245
 0.1152  0.0255
 0.1064  0.0257
 0.0510  0.0268
 0.0754  0.0268
 0.0975  0.0268
 0.1042  0.0269
 0.0665  0.0270
 0.0443  0.0275
 0.0377  0.0276
 0.0089  0.0291
 0.0643  0.0291
 0.0177  0.0295
 0.0355  0.0299
 0.0266  0.0301
 0.0288  0.0362
 0.0199  0.0362
