# Digitized by GSYS2.4.2
# Date =  13.Sep.2017,  16:25:0
# Number of data = 130
# set xrange[0.0, 4.6]
# set yrange[0.0, 0.02] 
# MD5Fig : 7a7803c82f7ec9e37751e475fd5376b3
# Axis_X : 3fd3e8640a01001a3fe5593bfa2608c73fe892750bb45ed63fe55d229ef6bc38
# Axis_Y : 3fd3e8640a01001a3fe5593bfa2608c73fd3f16511b794343fde2be356372686
#   x       y  
 1.3457  0.0001
 1.4363  0.0001
 1.7196  0.0001
 1.7904  0.0001
 3.4746  0.0001
 3.6713  0.0001
 1.5976  0.0001
 1.6527  0.0001
 1.2276  0.0004
 1.6053  0.0005
 1.7509  0.0005
 1.4243  0.0005
 1.4834  0.0005
 1.7706  0.0006
 1.4046  0.0006
 1.5030  0.0006
 1.6250  0.0006
 1.7037  0.0006
 1.5541  0.0006
 1.5817  0.0006
 1.7981  0.0007
 1.0229  0.0008
 1.2511  0.0010
 1.4517  0.0010
 1.6131  0.0010
 1.2943  0.0010
 1.7626  0.0011
 1.5265  0.0011
 1.6760  0.0011
 1.0070  0.0013
 1.1683  0.0014
 1.3768  0.0015
 1.4988  0.0016
 1.5263  0.0016
 1.5421  0.0016
 1.0935  0.0017
 1.1367  0.0017
 0.9046  0.0018
 1.2587  0.0018
 0.9714  0.0018
 1.2036  0.0018
 1.2862  0.0019
 0.9989  0.0020
 1.0265  0.0020
 1.3137  0.0020
 1.4475  0.0021
 1.1130  0.0021
 0.9832  0.0021
 1.4711  0.0021
 1.1642  0.0022
 0.8651  0.0023
 1.0460  0.0024
 1.3175  0.0025
 0.9594  0.0025
 1.0814  0.0025
 1.1011  0.0026
 1.3451  0.0026
 0.9319  0.0026
 1.6362  0.0027
 1.1915  0.0027
 0.9161  0.0028
 1.0617  0.0029
 0.9003  0.0029
 0.8255  0.0030
 1.3017  0.0030
 1.1246  0.0030
 0.7861  0.0032
 0.9396  0.0032
 0.9789  0.0032
 0.9514  0.0032
 1.2347  0.0032
 0.8845  0.0032
 0.8332  0.0035
 1.2149  0.0036
 0.8529  0.0037
 1.0142  0.0037
 0.8135  0.0038
 1.1715  0.0040
 0.7347  0.0041
 0.6166  0.0042
 0.6914  0.0042
 0.9235  0.0043
 0.0027  0.0044
 0.5575  0.0045
 1.3327  0.0045
 0.8644  0.0046
 0.7503  0.0047
 0.7148  0.0049
 0.9430  0.0052
 0.7973  0.0055
 0.6240  0.0061
 0.6712  0.0061
 0.6358  0.0062
 0.6594  0.0062
 0.5175  0.0069
 0.6985  0.0070
 0.6591  0.0071
 0.5370  0.0074
 0.4031  0.0078
 0.5330  0.0079
 0.5054  0.0080
 0.5487  0.0080
 0.5839  0.0087
 0.0133  0.0088
 0.4342  0.0092
 0.0328  0.0093
 0.3160  0.0098
 0.2529  0.0102
 0.4614  0.0106
 0.3275  0.0109
 0.4416  0.0110
 0.4769  0.0113
 0.1975  0.0114
 0.0873  0.0115
 0.4374  0.0118
 0.0321  0.0119
 0.0517  0.0121
 0.2719  0.0127
 0.1774  0.0130
 0.3623  0.0130
 0.2876  0.0131
 0.3230  0.0132
 0.2324  0.0134
 0.1104  0.0136
 0.1261  0.0136
 0.1180  0.0144
 0.1061  0.0149
 0.1690  0.0150
 0.1491  0.0159
 0.2978  0.0187
