# Digitized by GSYS2.4.7
# Date =  18.Jun.2018,  22:40:26
# Number of data = 195
# set xrange[0.0, 1.5]
# set yrange[0.0, 0.045] 
# MD5Fig : 63d21f94df38fdd2d84603d0f26adcd1
# Axis_X : 3fc3f46b873ccb7a3fed3ea96839f0413fed566fa9fa35b33fedcbbab9c7f368
# Axis_Y : 3fc3f46b873ccb7a3fed3ea96839f0413fc4febbfdffd5863fb4c856d61d3b83
#    x          y    
 8.070E-04  1.679E-02
 9.051E-03  1.730E-02
 1.496E-02  1.761E-02
 2.462E-02  1.751E-02
 3.804E-02  1.702E-02
 3.767E-02  1.466E-02
 4.035E-02  3.944E-04
 1.005E-01  5.322E-04
 9.966E-02  9.572E-03
 1.086E-01  1.154E-02
 1.093E-01  1.626E-02
 1.136E-01  1.767E-02
 1.197E-01  2.098E-02
 1.189E-01  2.319E-02
 1.192E-01  2.561E-02
 1.263E-01  2.611E-02
 1.280E-01  2.812E-02
 1.306E-01  3.772E-02
 1.425E-01  3.802E-02
 1.385E-01  3.566E-02
 1.495E-01  3.522E-02
 1.482E-01  3.215E-02
 1.490E-01  1.980E-02
 1.682E-01  1.976E-02
 1.677E-01  2.117E-02
 1.747E-01  2.187E-02
 1.843E-01  2.208E-02
 1.918E-01  2.108E-02
 2.053E-01  2.049E-02
 2.069E-01  1.928E-02
 2.073E-01  1.828E-02
 2.078E-01  1.009E-02
 2.152E-01  9.593E-03
 2.191E-01  8.742E-03
 2.183E-01  9.065E-04
 2.315E-01  9.650E-04
 2.277E-01  1.503E-02
 2.272E-01  1.648E-02
 2.340E-01  1.754E-02
 2.417E-01  3.989E-02
 2.406E-01  4.642E-02
 2.528E-01  4.588E-02
 2.516E-01  4.241E-02
 2.616E-01  4.136E-02
 2.621E-01  4.001E-02
 2.589E-01  3.880E-02
 2.607E-01  3.724E-02
 2.598E-01  3.639E-02
 2.617E-01  1.761E-02
 2.774E-01  1.747E-02
 2.782E-01  1.516E-02
 2.813E-01  1.325E-02
 2.982E-01  1.316E-02
 2.999E-01  1.170E-02
 3.011E-01  5.026E-03
 3.084E-01  4.629E-03
 3.190E-01  1.543E-02
 3.186E-01  1.649E-02
 3.194E-01  1.774E-02
 3.265E-01  1.815E-02
 3.291E-01  2.418E-02
 3.299E-01  2.553E-02
 3.293E-01  2.709E-02
 3.279E-01  2.774E-02
 3.386E-01  2.795E-02
 3.390E-01  2.685E-02
 3.440E-01  2.625E-02
 3.493E-01  2.504E-02
 3.580E-01  2.425E-02
 3.596E-01  2.309E-02
 3.577E-01  2.179E-02
 3.600E-01  1.852E-02
 3.687E-01  1.792E-02
 3.703E-01  1.677E-02
 3.714E-01  2.481E-04
 3.808E-01  7.060E-04
 3.923E-01  2.320E-03
 3.906E-01  1.377E-02
 3.901E-01  1.523E-02
 4.093E-01  1.539E-02
 4.099E-01  1.358E-02
 4.095E-01  8.056E-03
 4.204E-01  7.862E-03
 4.255E-01  7.012E-03
 4.308E-01  1.575E-02
 4.290E-01  1.741E-02
 4.335E-01  1.827E-02
 4.395E-01  2.179E-02
 4.438E-01  2.324E-02
 4.501E-01  1.220E-02
 4.611E-01  1.196E-02
 4.591E-01  1.065E-02
 4.622E-01  5.377E-03
 4.605E-01  3.417E-03
 4.646E-01  1.913E-03
 4.697E-01  4.528E-03
 4.755E-01  5.285E-03
 4.806E-01  7.749E-03
 4.798E-01  1.001E-02
 4.804E-01  1.162E-02
 4.972E-01  1.193E-02
 5.041E-01  1.264E-02
 5.256E-01  1.310E-02
 5.376E-01  1.321E-02
 5.415E-01  1.246E-02
 5.418E-01  1.155E-02
 5.401E-01  6.179E-03
 5.506E-01  3.724E-03
 5.534E-01  2.872E-03
 5.550E-01  1.618E-03
 5.623E-01  4.937E-03
 5.629E-01  6.394E-03
 5.663E-01  6.948E-03
 5.706E-01  8.658E-03
 5.714E-01  9.764E-03
 5.810E-01  9.870E-03
 5.849E-01  8.818E-03
 5.900E-01  8.168E-03
 5.999E-01  7.421E-03
 6.110E-01  6.574E-03
 6.218E-01  6.581E-03
 6.313E-01  7.189E-03
 6.297E-01  8.193E-03
 6.317E-01  9.450E-03
 6.335E-01  1.096E-02
 6.296E-01  1.196E-02
 6.488E-01  1.192E-02
 6.502E-01  1.137E-02
 6.684E-01  1.113E-02
 6.699E-01  1.008E-02
 6.725E-01  2.946E-03
 6.800E-01  2.147E-03
 6.806E-01  2.892E-04
 6.927E-01  2.464E-04
 6.923E-01  1.351E-03
 7.005E-01  1.959E-03
 7.026E-01  2.864E-03
 7.155E-01  3.826E-03
 7.211E-01  4.885E-03
 7.296E-01  4.890E-03
 7.336E-01  3.536E-03
 7.397E-01  3.339E-03
 7.408E-01  2.763E-04
 7.541E-01  2.845E-04
 7.620E-01  1.595E-03
 7.662E-01  3.406E-03
 7.802E-01  4.570E-03
 7.885E-01  5.027E-03
 7.993E-01  4.983E-03
 8.018E-01  1.319E-03
 8.092E-01  8.209E-04
 8.107E-01  2.191E-04
 8.829E-01  2.137E-04
 8.932E-01  1.576E-03
 9.064E-01  1.635E-03
 9.100E-01  5.002E-03
 9.097E-01  5.855E-03
 9.290E-01  5.817E-03
 9.307E-01  4.462E-03
 9.334E-01  3.560E-03
 9.419E-01  3.364E-03
 9.504E-01  3.168E-03
 9.506E-01  2.516E-03
 9.497E-01  1.812E-03
 9.499E-01  1.159E-03
 9.561E-01  8.115E-04
 9.599E-01  3.116E-04
 9.683E-01  3.169E-04
 9.705E-01  8.707E-04
 9.703E-01  1.373E-03
 9.799E-01  1.429E-03
 9.809E-01  1.932E-03
 9.831E-01  2.737E-03
 9.904E-01  2.390E-03
 9.906E-01  1.787E-03
 9.992E-01  1.441E-03
 1.002E+00  1.871E-04
 1.102E+00  1.486E-04
 1.102E+00  3.514E-03
 1.110E+00  4.724E-03
 1.117E+00  5.281E-03
 1.122E+00  4.782E-03
 1.130E+00  3.229E-03
 1.134E+00  2.679E-03
 1.133E+00  1.775E-03
 1.134E+00  1.273E-03
 1.142E+00  1.228E-03
 1.143E+00  5.255E-04
 1.157E+00  3.336E-04
 1.172E+00  2.923E-04
 1.187E+00  3.020E-04
 1.208E+00  2.143E-04
 1.227E+00  2.262E-04
 1.242E+00  1.849E-04
 1.257E+00  1.946E-04
