# Digitized by GSYS2.4.7
# Date =  18.Jun.2018,  18:12:23
# Number of data = 202
# set xrange[0.0, 6.0]
# set yrange[0.0, 0.02] 
# MD5Fig : e251324cb3fe8213135974ec927d9647
# Axis_X : 3fc5ab8c9ca353c13fec08d5a26f3c093feae0ec59bf0f303febef225588bbef
# Axis_Y : 3fc5ab8c9ca353c13fec08d5a26f3c093fc56f512eb0c4f23faeea814b5c35cf
#    x          y    
 7.465E-03  3.154E-03
 1.846E-02  4.673E-03
 3.874E-02  5.653E-03
 4.298E-02  4.884E-03
 5.645E-02  9.422E-03
 8.781E-02  6.095E-03
 9.581E-02  1.583E-02
 1.243E-01  1.212E-02
 1.425E-01  8.212E-03
 1.582E-01  1.158E-02
 1.985E-01  1.891E-02
 2.219E-01  1.094E-02
 2.388E-01  1.581E-02
 2.841E-01  8.346E-03
 2.931E-01  1.408E-02
 3.259E-01  1.745E-02
 3.408E-01  1.478E-02
 3.576E-01  1.435E-02
 3.713E-01  1.012E-02
 3.782E-01  1.325E-02
 3.831E-01  1.403E-02
 3.920E-01  9.191E-03
 4.143E-01  1.024E-02
 4.250E-01  7.650E-03
 4.321E-01  5.874E-03
 4.356E-01  4.909E-03
 4.553E-01  8.056E-03
 4.729E-01  8.597E-03
 4.821E-01  9.274E-03
 5.043E-01  1.020E-02
 5.289E-01  8.884E-03
 5.432E-01  5.398E-03
 5.437E-01  6.041E-03
 5.730E-01  1.036E-02
 5.792E-01  1.269E-02
 5.923E-01  7.834E-03
 6.277E-01  3.925E-03
 6.362E-01  9.069E-03
 6.629E-01  1.029E-02
 6.642E-01  6.581E-03
 6.822E-01  7.596E-03
 6.924E-01  4.466E-03
 6.939E-01  6.192E-03
 7.004E-01  3.687E-03
 7.071E-01  6.598E-03
 7.319E-01  5.464E-03
 7.429E-01  3.298E-03
 7.521E-01  4.025E-03
 7.572E-01  4.956E-03
 7.893E-01  2.299E-03
 7.966E-01  7.925E-04
 7.970E-01  1.232E-03
 8.066E-01  2.535E-03
 8.155E-01  2.890E-03
 8.205E-01  3.770E-03
 8.406E-01  2.213E-03
 8.521E-01  5.380E-04
 8.528E-01  1.333E-03
 8.532E-01  1.875E-03
 8.585E-01  3.127E-03
 8.636E-01  4.024E-03
 8.811E-01  4.463E-03
 8.817E-01  5.242E-03
 9.022E-01  4.108E-03
 9.102E-01  3.363E-03
 9.404E-01  3.650E-03
 9.443E-01  3.227E-03
 9.492E-01  3.904E-03
 9.611E-01  2.787E-03
 9.779E-01  2.296E-03
 9.991E-01  2.059E-03
 1.000E+00  3.294E-03
 1.012E+00  1.923E-03
 1.020E+00  1.602E-03
 1.024E+00  1.348E-03
 1.033E+00  1.179E-03
 1.045E+00  8.570E-04
 1.054E+00  1.635E-03
 1.055E+00  2.701E-03
 1.059E+00  1.432E-03
 1.101E+00  1.279E-03
 1.102E+00  2.227E-03
 1.126E+00  4.668E-04
 1.133E+00  3.563E-03
 1.158E+00  2.091E-03
 1.166E+00  1.414E-03
 1.167E+00  2.429E-03
 1.184E+00  2.598E-03
 1.198E+00  3.681E-03
 1.218E+00  2.632E-03
 1.230E+00  1.142E-03
 1.230E+00  1.921E-03
 1.247E+00  1.565E-03
 1.273E+00  1.734E-03
 1.281E+00  9.724E-04
 1.312E+00  1.733E-03
 1.325E+00  2.309E-03
 1.334E+00  3.019E-03
 1.335E+00  3.527E-03
 1.364E+00  2.900E-03
 1.371E+00  1.225E-03
 1.375E+00  9.374E-04
 1.376E+00  1.970E-03
 1.397E+00  5.818E-04
 1.431E+00  9.028E-04
 1.440E+00  1.360E-03
 1.440E+00  1.681E-03
 1.449E+00  1.918E-03
 1.478E+00  1.071E-03
 1.482E+00  6.145E-04
 1.517E+00  9.694E-04
 1.521E+00  2.587E-04
 1.521E+00  1.291E-03
 1.522E+00  1.900E-03
 1.525E+00  7.248E-05
 1.526E+00  1.629E-03
 1.544E+00  2.170E-03
 1.552E+00  1.460E-03
 1.555E+00  7.151E-04
 1.556E+00  1.087E-03
 1.573E+00  1.916E-03
 1.582E+00  1.730E-03
 1.590E+00  1.442E-03
 1.602E+00  4.776E-04
 1.602E+00  7.483E-04
 1.603E+00  9.175E-04
 1.611E+00  1.154E-03
 1.621E+00  2.593E-03
 1.629E+00  1.340E-03
 1.637E+00  1.560E-03
 1.639E+00  2.897E-03
 1.659E+00  1.763E-03
 1.701E+00  8.655E-04
 1.702E+00  1.830E-03
 1.705E+00  5.778E-04
 1.706E+00  1.221E-03
 1.722E+00  3.745E-04
 1.727E+00  7.298E-04
 1.731E+00  6.984E-05
 1.757E+00  7.971E-04
 1.778E+00  4.584E-04
 1.808E+00  1.050E-03
 1.816E+00  3.226E-04
 1.851E+00  2.037E-04
 1.864E+00  1.388E-03
 1.885E+00  6.432E-04
 1.911E+00  1.183E-04
 1.928E+00  8.118E-04
 1.963E+00  8.960E-04
 1.984E+00  4.896E-04
 2.001E+00  3.202E-04
 2.027E+00  6.075E-04
 2.036E+00  1.724E-03
 2.061E+00  1.013E-03
 2.078E+00  6.539E-05
 2.078E+00  5.561E-04
 2.134E+00  5.385E-04
 2.152E+00  1.537E-03
 2.163E+00  8.122E-05
 2.177E+00  9.779E-04
 2.186E+00  1.181E-03
 2.189E+00  1.316E-04
 2.195E+00  1.638E-03
 2.237E+00  3.341E-04
 2.237E+00  8.079E-04
 2.250E+00  5.201E-04
 2.288E+00  5.703E-04
 2.302E+00  1.179E-03
 2.305E+00  7.940E-05
 2.318E+00  6.038E-04
 2.348E+00  4.850E-04
 2.383E+00  8.568E-04
 2.386E+00  9.528E-05
 2.417E+00  5.687E-04
 2.451E+00  7.754E-05
 2.455E+00  5.851E-04
 2.489E+00  2.970E-04
 2.499E+00  1.532E-03
 2.567E+00  6.683E-04
 2.571E+00  9.292E-05
 2.618E+00  1.092E-04
 2.618E+00  6.338E-04
 2.657E+00  6.333E-04
 2.665E+00  1.425E-04
 2.717E+00  1.249E-04
 2.717E+00  6.664E-04
 2.806E+00  7.298E-05
 2.807E+00  5.975E-04
 2.849E+00  7.243E-05
 2.850E+00  6.308E-04
 2.926E+00  3.760E-05
 2.927E+00  3.422E-04
 3.042E+00  1.884E-04
 3.235E+00  1.690E-04
 3.428E+00  1.835E-04
 3.677E+00  1.295E-04
 3.822E+00  1.276E-04
 4.131E+00  1.068E-04
 4.607E+00  6.683E-05
 4.963E+00  6.227E-05
 5.584E+00  7.123E-05
 5.841E+00  6.794E-05
