# Digitized by GSYS2.4.7
# Date =  18.Jun.2018,  20:38:44
# Number of data = 299
# set xrange[0.0, 2.0]
# set yrange[0.0, 0.03] 
# MD5Fig : 14328cd17cd9c9cd7eeba427bac227ee
# Axis_X : 3fc50fe46d85d7063febe7c6be7c6be83fecfbfaa384b0ec3febf964bf964bf9
# Axis_Y : 3fc50fe46d85d7063febe7c6be7c6be83fc5357bce463cf53fac140998d2455e
#    x          y    
 9.748E-03  1.120E-04
 9.543E-03  2.099E-03
 5.967E-03  3.182E-03
 1.747E-02  3.567E-03
 1.620E-02  4.695E-03
 2.195E-02  4.899E-03
 2.549E-02  4.222E-03
 3.820E-02  4.087E-03
 3.940E-02  3.658E-03
 4.388E-02  4.967E-03
 5.075E-02  5.577E-03
 5.529E-02  6.300E-03
 5.525E-02  6.706E-03
 6.791E-02  7.091E-03
 7.594E-02  7.655E-03
 7.820E-02  8.107E-03
 8.624E-02  8.536E-03
 8.611E-02  9.755E-03
 8.603E-02  1.055E-02
 8.693E-02  1.303E-02
 9.497E-02  1.341E-02
 9.493E-02  1.382E-02
 9.594E-02  1.517E-02
 9.818E-02  1.585E-02
 9.813E-02  1.635E-02
 1.062E-01  1.610E-02
 1.144E-01  1.565E-02
 1.156E-01  1.520E-02
 1.156E-01  1.463E-02
 1.169E-01  1.391E-02
 1.157E-01  1.348E-02
 1.262E-01  1.321E-02
 1.274E-01  1.283E-02
 1.274E-01  1.211E-02
 1.309E-01  1.181E-02
 1.389E-01  1.249E-02
 1.482E-01  1.260E-02
 1.471E-01  1.179E-02
 1.575E-01  1.163E-02
 1.553E-01  1.028E-02
 1.566E-01  9.262E-03
 1.728E-01  9.194E-03
 1.750E-01  9.917E-03
 1.830E-01  1.048E-02
 1.968E-01  1.107E-02
 1.944E-01  1.179E-02
 1.967E-01  1.220E-02
 1.953E-01  1.441E-02
 1.929E-01  1.570E-02
 1.940E-01  1.640E-02
 2.043E-01  1.712E-02
 2.045E-01  2.656E-02
 2.032E-01  2.789E-02
 2.182E-01  2.771E-02
 2.182E-01  2.771E-02
 2.160E-01  2.658E-02
 2.252E-01  2.645E-02
 2.266E-01  2.493E-02
 2.279E-01  2.265E-02
 2.442E-01  2.202E-02
 2.454E-01  2.130E-02
 2.478E-01  2.001E-02
 2.548E-01  1.954E-02
 2.560E-01  1.906E-02
 2.596E-01  1.850E-02
 2.665E-01  1.785E-02
 2.793E-01  1.769E-02
 2.838E-01  1.832E-02
 2.856E-01  2.302E-02
 2.878E-01  2.403E-02
 2.937E-01  2.302E-02
 2.939E-01  2.175E-02
 3.043E-01  2.150E-02
 3.032E-01  2.076E-02
 3.056E-01  1.983E-02
 3.057E-01  1.913E-02
 3.138E-01  1.877E-02
 3.138E-01  1.832E-02
 3.164E-01  1.545E-02
 3.234E-01  1.532E-02
 3.234E-01  1.480E-02
 3.282E-01  1.372E-02
 3.362E-01  1.385E-02
 3.397E-01  1.415E-02
 3.418E-01  1.541E-02
 3.418E-01  1.584E-02
 3.510E-01  1.611E-02
 3.532E-01  1.715E-02
 3.648E-01  1.717E-02
 3.660E-01  1.643E-02
 3.741E-01  1.645E-02
 3.730E-01  1.586E-02
 3.754E-01  1.487E-02
 3.823E-01  1.487E-02
 3.835E-01  1.453E-02
 3.801E-01  1.408E-02
 3.859E-01  1.365E-02
 3.940E-01  1.338E-02
 3.940E-01  1.306E-02
 3.954E-01  1.135E-02
 3.931E-01  1.090E-02
 3.920E-01  1.035E-02
 4.036E-01  1.002E-02
 4.106E-01  9.407E-03
 4.128E-01  1.063E-02
 4.127E-01  1.101E-02
 4.127E-01  1.144E-02
 4.242E-01  1.160E-02
 4.242E-01  1.212E-02
 4.206E-01  1.340E-02
 4.216E-01  1.453E-02
 4.248E-01  1.675E-02
 4.248E-01  1.740E-02
 4.363E-01  1.742E-02
 4.410E-01  1.663E-02
 4.434E-01  1.605E-02
 4.503E-01  1.571E-02
 4.539E-01  1.523E-02
 4.620E-01  1.456E-02
 4.644E-01  1.417E-02
 4.679E-01  1.368E-02
 4.726E-01  1.250E-02
 4.785E-01  1.187E-02
 4.865E-01  1.180E-02
 4.945E-01  1.289E-02
 4.967E-01  1.359E-02
 4.979E-01  1.390E-02
 5.106E-01  1.375E-02
 5.095E-01  1.334E-02
 5.164E-01  1.311E-02
 5.188E-01  1.275E-02
 5.188E-01  1.226E-02
 5.189E-01  1.153E-02
 5.190E-01  1.052E-02
 5.168E-01  9.863E-03
 5.294E-01  1.022E-02
 5.270E-01  1.097E-02
 5.479E-01  1.045E-02
 5.446E-01  8.509E-03
 5.573E-01  8.261E-03
 5.597E-01  7.765E-03
 5.563E-01  7.426E-03
 5.655E-01  7.291E-03
 5.679E-01  6.975E-03
 5.691E-01  6.569E-03
 5.863E-01  6.863E-03
 5.874E-01  8.105E-03
 5.873E-01  8.601E-03
 5.873E-01  9.030E-03
 5.942E-01  9.301E-03
 5.989E-01  8.669E-03
 5.989E-01  7.834E-03
 6.128E-01  8.083E-03
 6.173E-01  8.648E-03
 6.266E-01  8.716E-03
 6.290E-01  7.993E-03
 6.406E-01  7.339E-03
 6.464E-01  6.278E-03
 6.615E-01  6.166E-03
 6.706E-01  6.843E-03
 6.786E-01  7.769E-03
 6.913E-01  7.657E-03
 6.948E-01  7.454E-03
 7.030E-01  6.867E-03
 7.087E-01  7.635E-03
 7.156E-01  7.681E-03
 7.215E-01  6.575E-03
 7.273E-01  6.259E-03
 7.296E-01  5.649E-03
 7.308E-01  5.311E-03
 7.527E-01  5.515E-03
 7.585E-01  6.102E-03
 7.584E-01  6.802E-03
 7.618E-01  7.253E-03
 7.711E-01  6.780E-03
 7.792E-01  6.306E-03
 7.874E-01  5.403E-03
 7.886E-01  4.455E-03
 7.979E-01  4.410E-03
 8.118E-01  4.095E-03
 8.177E-01  2.966E-03
 8.269E-01  2.650E-03
 8.304E-01  2.199E-03
 8.466E-01  2.154E-03
 8.593E-01  2.132E-03
 8.582E-01  1.500E-03
 8.686E-01  1.546E-03
 8.813E-01  1.478E-03
 8.814E-01  1.027E-03
 8.975E-01  1.208E-03
 9.022E-01  9.825E-04
 9.114E-01  1.096E-03
 9.218E-01  1.074E-03
 9.230E-01  8.253E-04
 9.345E-01  4.871E-04
 9.472E-01  7.585E-04
 9.495E-01  1.030E-03
 9.599E-01  1.233E-03
 9.598E-01  1.730E-03
 9.725E-01  1.753E-03
 9.795E-01  1.482E-03
 9.864E-01  9.407E-04
 9.956E-01  1.370E-03
 1.004E+00  1.009E-03
 1.013E+00  9.869E-04
 1.021E+00  1.168E-03
 1.024E+00  1.755E-03
 1.033E+00  1.417E-03
 1.035E+00  1.101E-03
 1.044E+00  1.011E-03
 1.052E+00  8.756E-04
 1.056E+00  6.274E-04
 1.065E+00  8.535E-04
 1.073E+00  9.893E-04
 1.086E+00  8.317E-04
 1.096E+00  3.354E-04
 1.102E+00  9.227E-04
 1.112E+00  8.554E-04
 1.115E+00  6.523E-04
 1.124E+00  6.526E-04
 1.133E+00  6.756E-04
 1.143E+00  7.889E-04
 1.153E+00  6.989E-04
 1.153E+00  3.151E-04
 1.161E+00  4.960E-04
 1.177E+00  4.967E-04
 1.186E+00  6.325E-04
 1.200E+00  4.976E-04
 1.207E+00  3.172E-04
 1.226E+00  4.083E-04
 1.236E+00  2.732E-04
 1.244E+00  6.799E-04
 1.254E+00  3.868E-04
 1.266E+00  2.744E-04
 1.270E+00  8.164E-04
 1.280E+00  8.168E-04
 1.279E+00  3.652E-04
 1.292E+00  3.658E-04
 1.304E+00  5.694E-04
 1.318E+00  4.797E-04
 1.326E+00  7.057E-04
 1.335E+00  2.094E-04
 1.342E+00  4.580E-04
 1.355E+00  4.811E-04
 1.365E+00  6.396E-04
 1.374E+00  1.432E-04
 1.380E+00  7.305E-04
 1.395E+00  4.601E-04
 1.408E+00  3.252E-04
 1.411E+00  5.511E-04
 1.433E+00  3.713E-04
 1.448E+00  5.977E-04
 1.453E+00  1.012E-04
 1.461E+00  2.144E-04
 1.468E+00  3.275E-04
 1.474E+00  4.632E-04
 1.485E+00  2.153E-04
 1.491E+00  3.962E-04
 1.501E+00  1.482E-04
 1.520E+00  8.123E-05
 1.522E+00  3.297E-04
 1.543E+00  3.305E-04
 1.558E+00  2.634E-04
 1.578E+00  2.416E-04
 1.579E+00  4.448E-04
 1.592E+00  4.227E-04
 1.600E+00  2.198E-04
 1.605E+00  3.945E-05
 1.624E+00  8.533E-05
 1.637E+00  3.793E-04
 1.642E+00  8.606E-05
 1.650E+00  6.380E-05
 1.657E+00  2.673E-04
 1.663E+00  6.431E-05
 1.674E+00  4.214E-05
 1.673E+00  3.131E-04
 1.685E+00  2.684E-04
 1.695E+00  4.042E-04
 1.700E+00  8.834E-05
 1.717E+00  8.902E-05
 1.739E+00  4.474E-05
 1.739E+00  3.834E-04
 1.751E+00  4.064E-04
 1.753E+00  2.033E-04
 1.769E+00  2.265E-04
 1.768E+00  6.845E-05
 1.781E+00  6.895E-05
 1.782E+00  2.722E-04
 1.790E+00  3.854E-04
 1.791E+00  4.678E-05
 1.879E+00  1.406E-04
 1.903E+00  1.415E-04
 1.945E+00  1.657E-04
 1.969E+00  1.667E-04
 1.991E+00  1.676E-04
 2.052E+00  1.700E-04
 2.082E+00  1.486E-04
 2.118E+00  1.726E-04
 2.156E+00  1.741E-04
