# Digitized by GSYS2.4.2
# Date =  9.May.2017,  10:9:31
# Number of data = 150
# set xrange[0.0, 3.2]
# set yrange[0.0, 0.02] 
# MD5Fig : 29e84cc1ed275b9b23fc36bc27e61dac
# Axis_X : 3fd415355221d02e3fd5a35a35a35a363fe8bf3083c5f85a3fd5d5186f455f99
# Axis_Y : 3fd415355221d02e3fd5a35a35a35a363fd44ed4aede496e3fc1fb1fb1fb1fb2
#   x       y  
 2.1088  0.0000
 1.5156  0.0000
 1.5347  0.0001
 1.5917  0.0001
 1.2434  0.0002
 1.5726  0.0002
 1.2623  0.0002
 1.4691  0.0003
 1.5371  0.0003
 1.6106  0.0003
 1.3792  0.0003
 1.4200  0.0003
 1.4527  0.0004
 1.5506  0.0004
 1.4362  0.0004
 1.3682  0.0004
 1.2076  0.0005
 1.4770  0.0005
 1.5151  0.0005
 1.3926  0.0005
 1.5014  0.0006
 1.2184  0.0006
 1.3381  0.0006
 1.3571  0.0006
 1.4142  0.0006
 1.2019  0.0007
 1.4413  0.0008
 1.4004  0.0008
 1.2970  0.0008
 1.1881  0.0009
 1.2832  0.0009
 1.3131  0.0010
 1.1280  0.0010
 1.1525  0.0011
 1.2640  0.0011
 1.2776  0.0011
 1.0190  0.0012
 1.2257  0.0013
 1.2420  0.0013
 0.9971  0.0013
 1.0706  0.0013
 1.0542  0.0013
 1.0297  0.0014
 1.2310  0.0014
 1.0758  0.0015
 1.0894  0.0015
 0.9859  0.0015
 0.9369  0.0015
 0.9584  0.0018
 0.9202  0.0018
 0.8984  0.0019
 0.8792  0.0020
 0.9035  0.0021
 0.9197  0.0023
 0.8758  0.0026
 0.8404  0.0026
 1.0335  0.0027
 1.0525  0.0027
 0.8374  0.0028
 0.7965  0.0029
 0.7985  0.0035
 0.7467  0.0035
 0.7901  0.0036
 0.7302  0.0037
 0.7520  0.0037
 0.0554  0.0037
 0.0661  0.0038
 0.7110  0.0038
 0.6919  0.0038
 0.7869  0.0040
 0.0740  0.0040
 0.7134  0.0040
 0.6345  0.0041
 0.7242  0.0041
 0.6366  0.0045
 0.6500  0.0047
 0.0802  0.0056
 0.0936  0.0058
 0.6894  0.0059
 0.6512  0.0059
 0.6756  0.0060
 0.6262  0.0064
 0.6178  0.0066
 0.5921  0.0076
 0.5943  0.0080
 0.6132  0.0081
 0.6155  0.0084
 0.5789  0.0095
 0.5027  0.0095
 0.5052  0.0097
 0.5159  0.0098
 0.0879  0.0104
 0.5148  0.0107
 0.5337  0.0108
 0.1090  0.0110
 0.3157  0.0110
 0.4625  0.0112
 0.4459  0.0114
 0.4374  0.0117
 0.4367  0.0123
 0.4258  0.0123
 0.4666  0.0123
 0.4773  0.0124
 0.4963  0.0125
 0.4826  0.0126
 0.5369  0.0127
 0.5531  0.0128
 0.3897  0.0128
 0.4033  0.0128
 0.3102  0.0134
 0.2992  0.0135
 0.3209  0.0135
 0.3833  0.0137
 0.3288  0.0137
 0.3669  0.0137
 0.4050  0.0137
 0.4783  0.0138
 0.4863  0.0140
 0.4237  0.0140
 0.1432  0.0142
 0.5567  0.0142
 0.1295  0.0143
 0.5728  0.0144
 0.0475  0.0146
 0.1262  0.0147
 0.1126  0.0147
 0.3653  0.0150
 0.1529  0.0151
 0.0060  0.0151
 0.3570  0.0151
 0.1608  0.0153
 0.3566  0.0154
 0.1688  0.0155
 0.3483  0.0156
 0.3479  0.0159
 0.3370  0.0159
 0.2226  0.0160
 0.2388  0.0161
 0.3312  0.0162
 0.2820  0.0164
 0.2656  0.0164
 0.2220  0.0165
 0.2080  0.0168
 0.2431  0.0170
 0.2622  0.0170
 0.1748  0.0172
 0.2835  0.0174
 0.2940  0.0176
 0.1986  0.0178
 0.1869  0.0185
