# Digitized by GSYS2.4.2
# Date =  4.May.2017,  14:8:25
# Number of data = 247
# set xrange[0.0, 2.2]
# set yrange[0.0, 0.025] 
# MD5Fig : 0338b51186af4554dbf28b7706ae9a3f
# Axis_X : 3fd8a6c0c97706363fd5a728cac4a6e63feafafafafafafb3fd599e3e82838ce
# Axis_Y : 3fd8a6c0c97706363fd5a728cac4a6e63fd89992407555323fc5b11e59c64c32
#   x       y  
 1.8456  0.0000
 1.0984  0.0000
 1.5981  0.0000
 1.4672  0.0000
 1.3267  0.0000
 0.7711  0.0000
 1.2788  0.0001
 1.2277  0.0001
 0.6099  0.0001
 0.4965  0.0001
 0.4774  0.0001
 1.4991  0.0001
 1.3060  0.0001
 1.1878  0.0001
 1.1511  0.0001
 0.5811  0.0001
 0.5668  0.0001
 1.0585  0.0001
 1.4385  0.0001
 1.4081  0.0001
 1.3970  0.0001
 0.7584  0.0001
 1.1990  0.0001
 1.1607  0.0001
 0.5396  0.0001
 0.5285  0.0001
 1.0314  0.0001
 0.8222  0.0001
 0.1693  0.0001
 0.1581  0.0001
 0.6306  0.0001
 0.9068  0.0002
 0.8909  0.0002
 0.8398  0.0002
 1.0186  0.0002
 0.9085  0.0003
 0.7760  0.0003
 1.1384  0.0004
 1.1017  0.0004
 1.3874  0.0004
 1.2773  0.0004
 1.6205  0.0004
 0.8191  0.0004
 1.2869  0.0005
 0.9117  0.0006
 0.8095  0.0007
 1.1193  0.0008
 0.9309  0.0009
 1.3843  0.0009
 1.5967  0.0009
 1.4674  0.0010
 1.3684  0.0011
 1.6079  0.0011
 1.4770  0.0011
 0.8080  0.0012
 1.4371  0.0013
 0.8001  0.0013
 1.6159  0.0013
 1.3636  0.0014
 1.1864  0.0014
 1.4275  0.0015
 1.3557  0.0015
 1.4068  0.0016
 1.1785  0.0016
 0.9310  0.0017
 1.3461  0.0017
 1.4180  0.0018
 0.0067  0.0018
 0.9486  0.0018
 0.0131  0.0019
 1.3047  0.0020
 0.1584  0.0021
 1.2871  0.0022
 0.1472  0.0022
 1.2967  0.0023
 0.2510  0.0023
 0.0099  0.0024
 0.0211  0.0025
 0.9807  0.0026
 1.4979  0.0026
 0.9902  0.0026
 1.4884  0.0027
 1.4197  0.0028
 1.4277  0.0028
 1.2282  0.0028
 1.0174  0.0029
 1.2186  0.0030
 0.0228  0.0030
 1.0095  0.0030
 0.0292  0.0031
 1.3448  0.0032
 1.3272  0.0032
 0.9792  0.0032
 0.9680  0.0032
 1.4805  0.0033
 1.4869  0.0034
 1.1995  0.0035
 1.2075  0.0037
 0.0293  0.0037
 0.0405  0.0039
 0.1491  0.0041
 0.6313  0.0042
 1.1214  0.0042
 0.1380  0.0042
 0.6472  0.0042
 1.1374  0.0042
 0.5786  0.0043
 0.1699  0.0043
 1.1566  0.0044
 1.0288  0.0044
 0.1795  0.0045
 0.5882  0.0045
 0.0406  0.0046
 1.1662  0.0046
 0.0502  0.0046
 1.0369  0.0046
 1.1694  0.0049
 0.3456  0.0049
 0.3265  0.0049
 1.0593  0.0052
 0.0503  0.0052
 1.0497  0.0053
 0.0583  0.0054
 1.1695  0.0054
 1.2078  0.0054
 1.1775  0.0054
 0.8917  0.0055
 0.8790  0.0056
 0.6491  0.0057
 0.6587  0.0058
 1.2111  0.0058
 1.2174  0.0058
 0.0600  0.0060
 0.6683  0.0060
 0.0680  0.0061
 0.7993  0.0066
 0.7817  0.0066
 0.0697  0.0067
 0.0777  0.0068
 0.2485  0.0069
 0.2150  0.0069
 0.2006  0.0069
 0.5295  0.0069
 0.9893  0.0069
 0.5168  0.0070
 0.2374  0.0071
 0.9973  0.0071
 0.0810  0.0073
 0.0874  0.0074
 0.0922  0.0076
 0.1177  0.0076
 0.1385  0.0079
 0.1290  0.0080
 0.7101  0.0082
 0.6989  0.0082
 0.8395  0.0083
 1.0103  0.0084
 1.0007  0.0084
 0.4084  0.0084
 0.3956  0.0084
 0.8475  0.0085
 1.0391  0.0087
 0.9497  0.0088
 0.9689  0.0088
 1.0471  0.0088
 0.8795  0.0090
 0.8699  0.0090
 0.4070  0.0097
 0.5668  0.0107
 0.3944  0.0109
 0.5573  0.0109
 0.8702  0.0109
 0.8590  0.0110
 0.4168  0.0111
 0.3961  0.0111
 0.4248  0.0113
 0.7090  0.0113
 0.3945  0.0114
 0.7585  0.0114
 0.5382  0.0114
 0.7170  0.0114
 0.5462  0.0115
 0.3865  0.0115
 0.7490  0.0116
 0.6980  0.0124
 0.6086  0.0125
 0.5990  0.0125
 0.6868  0.0125
 0.2877  0.0127
 0.4267  0.0128
 0.2957  0.0128
 0.4363  0.0130
 0.8482  0.0130
 0.8578  0.0131
 0.1985  0.0136
 0.1889  0.0137
 0.7493  0.0138
 0.7398  0.0140
 0.7398  0.0146
 0.1906  0.0146
 0.1763  0.0146
 0.7303  0.0147
 0.1300  0.0147
 0.1843  0.0148
 0.6010  0.0148
 0.5882  0.0148
 0.7191  0.0148
 0.1188  0.0148
 0.6680  0.0148
 0.7287  0.0149
 0.6792  0.0150
 0.1252  0.0150
 0.4750  0.0154
 0.4654  0.0155
 0.4367  0.0160
 0.2947  0.0161
 0.3442  0.0162
 0.2548  0.0162
 0.4655  0.0162
 0.3538  0.0164
 0.3043  0.0164
 0.2660  0.0164
 0.3570  0.0166
 0.3650  0.0167
 0.3683  0.0172
 0.3874  0.0172
 0.3779  0.0174
 0.6797  0.0182
 0.6877  0.0182
 0.2855  0.0191
 0.2760  0.0192
 0.5474  0.0193
 0.5586  0.0194
 0.3274  0.0216
 0.3179  0.0218
 0.2208  0.0239
 0.4970  0.0239
 0.2288  0.0240
 0.5066  0.0240
 0.3071  0.0243
 0.3183  0.0244
 0.2688  0.0245
 0.2784  0.0245
 0.2305  0.0246
 0.2369  0.0246
 0.5087  0.0269
 0.5183  0.0270
