# Digitized by GSYS2.4.7
# Date =  5.May.2015,  14:11:50
# Number of data = 198
# set xrange[40.0, 70.0]
# set yrange[300.0, 1200.0] 
# MD5Fig : 7c6200eb5ba141c2b37906beaba9827b
# Axis_X : 3fd8b8362e0d8b833fe965ff31965ff33fee7516b9b7758a3fe965ff31965ff3
# Axis_Y : 3fc948b0fcd6e9e03fe40810204081023fc948b0fcd6e9e03fbfa5b1c9fa5b1d
#    x          y    
  3.031E+01  9.437E+01
  3.050E+01  7.422E+01
  3.069E+01  8.190E+01
  3.090E+01  6.079E+01
  3.107E+01  8.094E+01
  3.128E+01  6.655E+01
  3.149E+01  8.094E+01
  3.179E+01  8.862E+01
  3.211E+01  9.821E+01
  3.228E+01  8.862E+01
  3.247E+01  7.230E+01
  3.268E+01  8.382E+01
  3.292E+01  8.094E+01
  3.313E+01  9.150E+01
  3.321E+01  1.068E+02
  3.349E+01  1.155E+02
  3.366E+01  1.078E+02
  3.389E+01  9.917E+01
  3.412E+01  1.164E+02
  3.425E+01  9.917E+01
  3.449E+01  1.068E+02
  3.470E+01  9.725E+01
  3.491E+01  1.308E+02
  3.510E+01  1.318E+02
  3.531E+01  1.443E+02
  3.548E+01  1.529E+02
  3.565E+01  1.654E+02
  3.589E+01  1.769E+02
  3.606E+01  2.124E+02
  3.625E+01  2.469E+02
  3.648E+01  2.345E+02
  3.680E+01  2.469E+02
  3.712E+01  2.786E+02
  3.735E+01  2.642E+02
  3.745E+01  2.882E+02
  3.767E+01  3.352E+02
  3.790E+01  3.103E+02
  3.809E+01  3.746E+02
  3.828E+01  3.899E+02
  3.852E+01  3.822E+02
  3.871E+01  4.648E+02
  3.885E+01  4.744E+02
  3.913E+01  4.945E+02
  3.928E+01  5.511E+02
  3.951E+01  6.279E+02
  3.972E+01  6.221E+02
  3.987E+01  7.450E+02
  4.008E+01  7.200E+02
  4.025E+01  7.517E+02
  4.042E+01  7.709E+02
  4.064E+01  7.709E+02
  4.085E+01  6.989E+02
  4.110E+01  7.027E+02
  4.134E+01  6.020E+02
  4.165E+01  6.663E+02
  4.187E+01  5.886E+02
  4.206E+01  5.454E+02
  4.231E+01  4.772E+02
  4.250E+01  4.523E+02
  4.276E+01  4.446E+02
  4.291E+01  4.264E+02
  4.308E+01  4.485E+02
  4.335E+01  4.331E+02
  4.348E+01  4.744E+02
  4.367E+01  5.195E+02
  4.367E+01  5.156E+02
  4.392E+01  5.617E+02
  4.407E+01  6.154E+02
  4.424E+01  6.241E+02
  4.450E+01  5.962E+02
  4.469E+01  6.874E+02
  4.490E+01  6.509E+02
  4.509E+01  7.354E+02
  4.528E+01  7.574E+02
  4.549E+01  8.620E+02
  4.566E+01  8.716E+02
  4.590E+01  9.638E+02
  4.604E+01  9.993E+02
  4.632E+01  1.133E+03
  4.649E+01  1.221E+03
  4.668E+01  1.205E+03
  4.691E+01  1.138E+03
  4.711E+01  1.022E+03
  4.736E+01  9.081E+02
  4.753E+01  8.304E+02
  4.776E+01  7.066E+02
  4.795E+01  6.097E+02
  4.808E+01  5.799E+02
  4.827E+01  5.137E+02
  4.848E+01  4.427E+02
  4.872E+01  3.880E+02
  4.891E+01  4.245E+02
  4.912E+01  3.813E+02
  4.929E+01  3.727E+02
  4.950E+01  3.074E+02
  4.974E+01  3.343E+02
  4.997E+01  2.920E+02
  5.014E+01  2.968E+02
  5.033E+01  3.026E+02
  5.046E+01  3.323E+02
  5.077E+01  3.007E+02
  5.094E+01  2.920E+02
  5.107E+01  3.055E+02
  5.126E+01  2.335E+02
  5.147E+01  2.498E+02
  5.173E+01  2.825E+02
  5.194E+01  2.748E+02
  5.205E+01  2.652E+02
  5.226E+01  2.882E+02
  5.249E+01  2.402E+02
  5.268E+01  2.460E+02
  5.292E+01  2.287E+02
  5.304E+01  2.364E+02
  5.328E+01  2.412E+02
  5.347E+01  2.335E+02
  5.368E+01  2.239E+02
  5.389E+01  2.517E+02
  5.406E+01  2.172E+02
  5.430E+01  2.556E+02
  5.447E+01  2.354E+02
  5.463E+01  2.191E+02
  5.485E+01  2.450E+02
  5.508E+01  2.191E+02
  5.529E+01  2.364E+02
  5.553E+01  2.105E+02
  5.565E+01  2.354E+02
  5.593E+01  2.220E+02
  5.631E+01  2.038E+02
  5.650E+01  2.306E+02
  5.676E+01  2.143E+02
  5.690E+01  2.047E+02
  5.707E+01  2.172E+02
  5.726E+01  2.076E+02
  5.750E+01  1.903E+02
  5.773E+01  1.980E+02
  5.792E+01  1.884E+02
  5.811E+01  1.769E+02
  5.830E+01  1.951E+02
  5.854E+01  1.836E+02
  5.869E+01  1.980E+02
  5.892E+01  1.721E+02
  5.909E+01  1.635E+02
  5.934E+01  1.644E+02
  5.947E+01  1.798E+02
  5.964E+01  1.721E+02
  5.989E+01  1.500E+02
  6.002E+01  1.740E+02
  6.034E+01  1.663E+02
  6.049E+01  1.788E+02
  6.079E+01  1.721E+02
  6.091E+01  1.519E+02
  6.117E+01  1.663E+02
  6.127E+01  2.086E+02
  6.149E+01  2.172E+02
  6.168E+01  2.066E+02
  6.197E+01  1.990E+02
  6.219E+01  1.923E+02
  6.229E+01  2.028E+02
  6.248E+01  2.057E+02
  6.267E+01  2.258E+02
  6.291E+01  2.047E+02
  6.325E+01  1.836E+02
  6.348E+01  2.047E+02
  6.371E+01  1.923E+02
  6.397E+01  1.779E+02
  6.435E+01  1.663E+02
  6.469E+01  1.836E+02
  6.490E+01  1.692E+02
  6.511E+01  1.558E+02
  6.526E+01  1.721E+02
  6.547E+01  1.472E+02
  6.562E+01  1.558E+02
  6.592E+01  1.587E+02
  6.611E+01  1.347E+02
  6.630E+01  1.510E+02
  6.645E+01  1.424E+02
  6.670E+01  1.270E+02
  6.694E+01  1.472E+02
  6.709E+01  1.308E+02
  6.749E+01  1.510E+02
  6.785E+01  1.567E+02
  6.806E+01  1.328E+02
  6.825E+01  1.462E+02
  6.851E+01  1.203E+02
  6.868E+01  1.424E+02
  6.889E+01  1.328E+02
  6.912E+01  1.424E+02
  6.940E+01  1.366E+02
  6.963E+01  1.539E+02
  6.991E+01  1.174E+02
  7.008E+01  1.337E+02
  7.031E+01  1.404E+02
  7.065E+01  1.260E+02
  7.092E+01  9.821E+01
  7.111E+01  1.308E+02
  7.133E+01  1.328E+02
  7.160E+01  1.174E+02
  7.184E+01  1.251E+02
