# Digitized by GSYS2.4.7
# Date =  5.May.2015,  14:29:14
# Number of data = 122
# set xrange[40.0, 140.0]
# set yrange[20.0, 80.0] 
# MD5Fig : cd894cd254d08d03cce49f6439f823ae
# Axis_X : 3fcb4de9bd37a6f53feca2d3acc702b73fed26f4de9bd3733fecaa10485e13e7
# Axis_Y : 3fbc8590b21642c83fe9d663815b5d2c3fbc9322c95c4a8d3fe0fcff90d7e5c4
#    x          y    
  2.558E+01  7.899E+00
  2.642E+01  1.604E+01
  2.787E+01  1.288E+01
  2.955E+01  1.604E+01
  3.054E+01  3.322E+01
  3.145E+01  5.808E+01
  3.229E+01  5.899E+01
  3.344E+01  5.086E+01
  3.459E+01  5.613E+01
  3.528E+01  4.287E+01
  3.636E+01  4.288E+01
  3.735E+01  4.906E+01
  3.834E+01  5.177E+01
  3.941E+01  5.614E+01
  4.025E+01  6.805E+01
  4.163E+01  6.579E+01
  4.246E+01  7.995E+01
  4.346E+01  7.815E+01
  4.438E+01  7.498E+01
  4.537E+01  7.574E+01
  4.646E+01  5.585E+01
  4.730E+01  5.390E+01
  4.846E+01  3.506E+01
  4.937E+01  5.511E+01
  5.044E+01  4.803E+01
  5.136E+01  3.808E+01
  5.244E+01  3.311E+01
  5.335E+01  3.990E+01
  5.436E+01  2.814E+01
  5.535E+01  3.026E+01
  5.650E+01  1.911E+01
  5.742E+01  2.514E+01
  5.849E+01  1.896E+01
  5.949E+01  2.409E+01
  6.040E+01  3.690E+01
  6.148E+01  3.102E+01
  6.232E+01  3.509E+01
  6.339E+01  3.118E+01
  6.446E+01  2.892E+01
  6.530E+01  3.525E+01
  6.638E+01  3.013E+01
  6.745E+01  3.103E+01
  6.836E+01  3.812E+01
  6.935E+01  4.701E+01
  7.044E+01  2.109E+01
  7.127E+01  4.686E+01
  7.242E+01  3.586E+01
  7.327E+01  2.607E+01
  7.441E+01  3.994E+01
  7.541E+01  2.608E+01
  7.633E+01  3.587E+01
  7.748E+01  2.909E+01
  7.833E+01  1.915E+01
  7.947E+01  2.895E+01
  8.047E+01  2.111E+01
  8.131E+01  3.031E+01
  8.246E+01  2.127E+01
  8.407E+01  2.127E+01
  8.522E+01  1.826E+01
  8.644E+01  1.706E+01
  8.736E+01  2.700E+01
  8.828E+01  1.917E+01
  8.935E+01  1.239E+01
  9.027E+01  9.530E+00
  9.134E+01  2.113E+01
  9.249E+01  1.827E+01
  9.356E+01  1.707E+01
  9.433E+01  1.903E+01
  9.548E+01  1.406E+01
  9.655E+01  1.301E+01
  9.724E+01  2.205E+01
  9.831E+01  1.693E+01
  9.931E+01  1.120E+01
  1.003E+02  7.741E+00
  1.015E+02  1.422E+01
  1.022E+02  2.537E+01
  1.034E+02  1.543E+01
  1.044E+02  2.206E+01
  1.053E+02  3.593E+01
  1.062E+02  3.819E+01
  1.073E+02  2.749E+01
  1.083E+02  5.718E+01
  1.093E+02  3.096E+01
  1.103E+02  3.699E+01
  1.113E+02  3.338E+01
  1.123E+02  2.539E+01
  1.133E+02  2.826E+01
  1.145E+02  2.916E+01
  1.154E+02  2.013E+01
  1.166E+02  1.907E+01
  1.179E+02  1.908E+01
  1.193E+02  1.154E+01
  1.204E+02  3.023E+01
  1.213E+02  2.631E+01
  1.223E+02  2.617E+01
  1.233E+02  2.511E+01
  1.243E+02  1.532E+01
  1.253E+02  2.813E+01
  1.263E+02  2.527E+01
  1.272E+02  3.024E+01
  1.282E+02  2.136E+01
  1.292E+02  3.326E+01
  1.303E+02  2.407E+01
  1.314E+02  3.221E+01
  1.323E+02  1.805E+01
  1.333E+02  2.136E+01
  1.344E+02  1.534E+01
  1.352E+02  1.926E+01
  1.363E+02  2.815E+01
  1.373E+02  2.439E+01
  1.384E+02  1.414E+01
  1.393E+02  1.625E+01
  1.400E+02  1.821E+01
  1.413E+02  1.837E+01
  1.423E+02  1.611E+01
  1.433E+02  9.481E+00
  1.443E+02  2.003E+01
  1.452E+02  8.279E+00
  1.462E+02  1.024E+01
  1.472E+02  1.130E+01
  1.484E+02  1.024E+01
  1.492E+02  1.145E+01
