# Digitized by GSYS2.4.2
# Date =  4.May.2017,  15:49:34
# Number of data = 210
# set xrange[0.0, 4.0]
# set yrange[0.0, 0.015] 
# MD5Fig : a47f8792460ee32a8d6dad6ba6832ef8
# Axis_X : 3fd5a890db4920ea3fd516eb084a1e3b3fe958f4ab40d8f73fd532290f3d4160
# Axis_Y : 3fd5a890db4920ea3fd516eb084a1e3b3fd5c22d0480733f3fc5e991cc4ff833
#   x       y  
 3.0827  0.0001
 2.0457  0.0002
 1.9622  0.0003
 2.0306  0.0004
 1.5717  0.0004
 1.9769  0.0005
 1.9439  0.0007
 2.0273  0.0007
 1.5953  0.0007
 1.8158  0.0007
 2.0541  0.0008
 1.9975  0.0008
 2.0154  0.0008
 2.0690  0.0008
 1.8425  0.0008
 1.6458  0.0009
 1.9526  0.0009
 1.9824  0.0009
 1.6755  0.0009
 1.7053  0.0010
 1.7768  0.0010
 1.5770  0.0011
 1.5979  0.0011
 2.0150  0.0012
 1.6306  0.0012
 1.7467  0.0013
 1.8749  0.0013
 1.7795  0.0013
 1.5440  0.0014
 1.7913  0.0014
 1.6125  0.0015
 1.5051  0.0016
 1.7018  0.0016
 1.7911  0.0016
 1.8597  0.0016
 1.6896  0.0019
 1.8058  0.0019
 1.8773  0.0019
 1.9249  0.0020
 1.1412  0.0020
 1.8891  0.0020
 1.7520  0.0020
 1.6536  0.0021
 1.3438  0.0021
 1.7280  0.0022
 1.8352  0.0022
 1.4121  0.0022
 1.6624  0.0023
 1.5610  0.0023
 1.5074  0.0024
 1.1260  0.0024
 1.6235  0.0024
 1.4835  0.0024
 1.1736  0.0025
 1.1496  0.0026
 1.1079  0.0026
 1.5219  0.0027
 1.2329  0.0028
 1.9092  0.0029
 1.0987  0.0029
 1.0629  0.0029
 1.4860  0.0030
 1.3966  0.0030
 1.5008  0.0031
 0.7707  0.0031
 1.8225  0.0031
 1.3696  0.0032
 1.0894  0.0033
 1.8938  0.0033
 1.5363  0.0033
 1.2621  0.0034
 0.6453  0.0034
 1.3276  0.0035
 0.8926  0.0035
 1.3931  0.0035
 1.3574  0.0035
 0.8746  0.0036
 0.9073  0.0036
 1.1218  0.0036
 1.5538  0.0037
 0.7076  0.0037
 1.9352  0.0037
 0.8595  0.0038
 1.1574  0.0038
 1.4196  0.0038
 0.9190  0.0039
 0.8981  0.0039
 0.7610  0.0040
 0.9338  0.0040
 0.9427  0.0040
 0.7043  0.0041
 0.8682  0.0041
 0.5672  0.0041
 1.2316  0.0041
 0.6893  0.0041
 1.2465  0.0042
 1.2226  0.0042
 0.5610  0.0044
 0.6831  0.0044
 1.2909  0.0045
 0.7724  0.0045
 0.5489  0.0045
 1.3802  0.0046
 0.7098  0.0046
 0.6681  0.0046
 1.0494  0.0047
 0.7931  0.0047
 1.0106  0.0047
 0.5935  0.0047
 1.0761  0.0048
 1.2489  0.0048
 1.3025  0.0048
 1.3234  0.0048
 0.7245  0.0048
 1.2667  0.0048
 0.6529  0.0049
 1.4276  0.0049
 0.9896  0.0049
 0.3817  0.0049
 1.2100  0.0050
 0.9239  0.0050
 1.4364  0.0050
 1.4721  0.0051
 0.9387  0.0051
 0.3934  0.0052
 0.6407  0.0052
 0.3695  0.0053
 0.4589  0.0053
 0.5213  0.0054
 0.6315  0.0055
 1.1797  0.0055
 1.1885  0.0057
 1.0008  0.0057
 0.7564  0.0057
 1.2749  0.0057
 0.9471  0.0058
 1.0722  0.0058
 1.3076  0.0058
 0.5716  0.0058
 0.6133  0.0058
 0.7355  0.0058
 0.5477  0.0059
 0.0669  0.0059
 0.3689  0.0059
 0.7890  0.0059
 0.5030  0.0059
 0.4672  0.0060
 0.9737  0.0060
 0.4314  0.0060
 0.5178  0.0060
 0.8038  0.0061
 0.5356  0.0061
 0.7293  0.0061
 0.3300  0.0061
 0.3598  0.0061
 0.4730  0.0062
 0.8484  0.0062
 0.5891  0.0062
 0.4014  0.0062
 0.0976  0.0063
 0.2613  0.0063
 0.8333  0.0063
 0.2216  0.0063
 0.0527  0.0064
 0.2940  0.0064
 0.6067  0.0065
 0.4428  0.0065
 0.8093  0.0066
 0.5023  0.0067
 0.2996  0.0068
 0.4217  0.0068
 0.0730  0.0068
 0.2039  0.0068
 0.2787  0.0068
 0.3978  0.0069
 0.4812  0.0070
 0.8208  0.0070
 0.3559  0.0070
 0.2208  0.0072
 0.2515  0.0072
 0.3111  0.0072
 0.3349  0.0072
 0.0863  0.0073
 0.2365  0.0073
 0.1172  0.0074
 0.0413  0.0075
 0.9723  0.0075
 0.4478  0.0076
 0.2750  0.0076
 0.1962  0.0077
 0.5396  0.0082
 0.2415  0.0084
 0.1817  0.0084
 0.1023  0.0086
 0.0400  0.0089
 0.1434  0.0089
 0.1330  0.0090
 0.1258  0.0093
 0.1808  0.0095
 0.1771  0.0097
 1.0209  0.0097
 0.1632  0.0098
 0.0320  0.0102
 0.0216  0.0103
 1.1930  0.0106
 0.1556  0.0106
 1.0458  0.0118
 1.4479  0.0120
 0.0203  0.0154
 1.0357  0.0163
