# Digitized by GSYS2.4.2
# Date =  4.May.2017,  14:18:14
# Number of data = 168
# set xrange[0.0, 3.8]
# set yrange[0.0, 0.05] 
# MD5Fig : 0338b51186af4554dbf28b7706ae9a3f
# Axis_X : 3fd81c02cd14820d3fe53813813813813feaa2a4a7bc69b63fe542e7ea42657b
# Axis_Y : 3fd81c02cd14820d3fe53813813813813fd8359ef64bd4623fdda35a35a35a36
#   x       y  
 0.8864  0.0001
 0.8212  0.0001
 0.1499  0.0001
 1.5741  0.0001
 0.8995  0.0001
 0.2509  0.0001
 0.9483  0.0001
 0.9679  0.0001
 1.0559  0.0002
 1.7892  0.0002
 1.2677  0.0002
 1.2840  0.0002
 1.3720  0.0002
 2.0597  0.0002
 0.1401  0.0002
 0.8310  0.0002
 1.5349  0.0002
 1.5512  0.0002
 0.2607  0.0002
 1.6979  0.0002
 1.0722  0.0002
 1.2319  0.0002
 1.4274  0.0002
 1.6262  0.0003
 1.4534  0.0003
 1.5772  0.0005
 1.3621  0.0006
 1.5381  0.0006
 1.5544  0.0006
 1.3067  0.0006
 1.6000  0.0007
 1.2415  0.0007
 1.3295  0.0007
 0.9058  0.0008
 0.1953  0.0009
 0.2116  0.0009
 1.2284  0.0009
 1.1046  0.0010
 1.1176  0.0010
 1.0752  0.0011
 1.4271  0.0012
 1.0882  0.0013
 1.2153  0.0013
 1.1663  0.0015
 1.2641  0.0015
 1.4596  0.0017
 0.5242  0.0018
 0.8892  0.0020
 1.4465  0.0021
 1.1531  0.0021
 1.2476  0.0021
 1.2118  0.0022
 0.2503  0.0023
 0.8109  0.0023
 0.2373  0.0023
 0.8727  0.0026
 1.1465  0.0027
 0.5794  0.0027
 0.6772  0.0027
 0.5989  0.0028
 1.4398  0.0028
 0.1034  0.0034
 0.6704  0.0035
 1.1365  0.0036
 1.3027  0.0036
 1.3255  0.0036
 0.8627  0.0037
 0.6573  0.0037
 0.9050  0.0038
 0.8268  0.0039
 0.7876  0.0040
 0.7680  0.0042
 0.8365  0.0042
 0.9440  0.0043
 0.6571  0.0046
 0.0933  0.0047
 0.6767  0.0047
 0.5984  0.0048
 0.0020  0.0049
 0.6244  0.0050
 0.6896  0.0051
 0.8590  0.0051
 0.7287  0.0052
 0.9991  0.0053
 0.6471  0.0054
 0.8459  0.0055
 0.3993  0.0058
 0.0441  0.0058
 0.5264  0.0059
 0.7480  0.0060
 1.0511  0.0061
 0.5394  0.0062
 0.2526  0.0063
 1.0021  0.0063
 0.9826  0.0064
 1.0119  0.0064
 0.2623  0.0066
 1.0412  0.0066
 0.6827  0.0067
 0.7869  0.0067
 0.0438  0.0068
 0.8423  0.0069
 0.9596  0.0070
 0.3599  0.0070
 1.0084  0.0072
 0.0600  0.0072
 1.0182  0.0074
 0.8063  0.0074
 0.3989  0.0074
 0.6955  0.0074
 0.9725  0.0076
 0.4575  0.0076
 0.3402  0.0076
 0.4086  0.0078
 0.4673  0.0078
 0.7280  0.0079
 0.3630  0.0079
 0.7051  0.0080
 1.1125  0.0080
 0.5324  0.0081
 0.7149  0.0082
 0.1315  0.0082
 1.1287  0.0082
 1.0407  0.0082
 1.0179  0.0083
 0.5779  0.0083
 0.2129  0.0084
 0.3758  0.0084
 0.1216  0.0085
 0.5387  0.0087
 0.1379  0.0087
 0.9689  0.0088
 0.5680  0.0089
 0.0531  0.0089
 0.9786  0.0090
 0.5419  0.0090
 0.7081  0.0091
 0.1541  0.0091
 0.2257  0.0092
 0.4538  0.0093
 0.5548  0.0095
 1.0371  0.0098
 0.4146  0.0099
 0.0658  0.0099
 0.7469  0.0104
 0.5643  0.0106
 0.7631  0.0106
 0.2644  0.0107
 0.0753  0.0111
 0.2903  0.0114
 0.0882  0.0119
 0.3000  0.0120
 0.5180  0.0134
 0.3387  0.0135
 0.3028  0.0137
 0.3157  0.0140
 0.5113  0.0140
 0.1031  0.0170
 0.1192  0.0177
 0.1972  0.0188
 0.1873  0.0189
 0.1576  0.0204
 0.1837  0.0206
 0.1215  0.0214
 0.5108  0.0409
 0.4909  0.0422
 0.4737  0.0456
 0.4933  0.0456
