# Digitized by GSYS2.4.2
# Date =  4.May.2017,  15:57:23
# Number of data = 166
# set xrange[0.0, 1.5]
# set yrange[0.0, 0.06] 
# MD5Fig : a47f8792460ee32a8d6dad6ba6832ef8
# Axis_X : 3fd46aeef4d6e7b03fe52b2ad9e47c9a3fe8ed63781696d03fe5382a6d682f94
# Axis_Y : 3fd46aeef4d6e7b03fe52b2ad9e47c9a3fd4869e52e1ce573fdeb3bb7af768a0
#   x       y  
 1.4096  0.0000
 1.0591  0.0000
 1.1010  0.0000
 0.9302  0.0001
 0.9511  0.0001
 1.0195  0.0001
 1.2586  0.0001
 1.0933  0.0001
 1.3225  0.0001
 1.3479  0.0001
 1.3622  0.0001
 1.1826  0.0001
 1.1881  0.0001
 1.2178  0.0002
 1.2399  0.0002
 1.0481  0.0002
 1.3347  0.0002
 1.1462  0.0002
 1.1627  0.0002
 0.9710  0.0002
 1.1727  0.0002
 1.1539  0.0003
 1.0029  0.0003
 1.2289  0.0003
 1.4405  0.0003
 1.1021  0.0003
 1.1087  0.0003
 1.1385  0.0003
 1.4151  0.0004
 1.4338  0.0004
 1.0238  0.0004
 1.0624  0.0004
 1.0801  0.0004
 1.1219  0.0005
 1.1296  0.0005
 0.9787  0.0005
 1.4228  0.0005
 1.0415  0.0005
 0.8761  0.0005
 1.1120  0.0005
 1.4305  0.0006
 0.9290  0.0006
 0.9511  0.0006
 0.8111  0.0006
 0.9136  0.0007
 0.8001  0.0008
 0.8320  0.0008
 0.8420  0.0008
 0.8585  0.0008
 0.9665  0.0008
 0.8199  0.0008
 0.9092  0.0010
 0.8948  0.0012
 0.7119  0.0013
 0.7262  0.0013
 0.7967  0.0016
 0.6622  0.0017
 0.6743  0.0017
 0.6512  0.0018
 0.6854  0.0018
 0.7316  0.0018
 0.7427  0.0018
 0.7879  0.0019
 0.7085  0.0019
 0.7779  0.0020
 0.7526  0.0021
 0.6952  0.0021
 0.7647  0.0022
 0.6368  0.0024
 0.6191  0.0028
 0.2057  0.0043
 0.1781  0.0045
 0.2068  0.0049
 0.6167  0.0050
 0.1770  0.0050
 0.2145  0.0050
 0.5991  0.0052
 0.1681  0.0052
 0.5428  0.0062
 0.5681  0.0062
 0.5285  0.0062
 0.5505  0.0064
 0.5361  0.0064
 0.5604  0.0065
 0.3675  0.0068
 0.3598  0.0069
 0.1658  0.0070
 0.2165  0.0071
 0.2264  0.0071
 0.1470  0.0072
 0.3476  0.0073
 0.3553  0.0073
 0.2341  0.0076
 0.3663  0.0077
 0.5680  0.0078
 0.3740  0.0079
 0.5768  0.0080
 0.2660  0.0081
 0.2737  0.0081
 0.5878  0.0082
 0.5966  0.0082
 0.1436  0.0084
 0.4941  0.0085
 0.1282  0.0085
 0.3772  0.0086
 0.4864  0.0086
 0.3860  0.0089
 0.2538  0.0091
 0.2648  0.0091
 0.4962  0.0092
 0.3265  0.0092
 0.3452  0.0092
 0.5050  0.0093
 0.5767  0.0093
 0.5877  0.0093
 0.0090  0.0099
 0.0310  0.0100
 0.0387  0.0106
 0.0464  0.0107
 0.0078  0.0114
 0.0034  0.0115
 0.0496  0.0117
 0.2734  0.0117
 0.0573  0.0118
 0.2844  0.0119
 0.5069  0.0125
 0.5268  0.0126
 0.2347  0.0129
 0.2523  0.0129
 0.3239  0.0132
 0.3062  0.0137
 0.0582  0.0138
 0.0660  0.0139
 0.3051  0.0144
 0.2984  0.0146
 0.2852  0.0148
 0.1264  0.0159
 0.1176  0.0160
 0.3865  0.0161
 0.3953  0.0162
 0.4866  0.0179
 0.4778  0.0180
 0.1085  0.0185
 0.1151  0.0186
 0.4771  0.0249
 0.4672  0.0250
 0.4649  0.0260
 0.4572  0.0263
 0.4559  0.0282
 0.4471  0.0283
 0.3963  0.0289
 0.4051  0.0292
 0.4447  0.0305
 0.4369  0.0306
 0.4082  0.0317
 0.4159  0.0319
 0.0695  0.0350
 0.0772  0.0352
 0.1066  0.0390
 0.0989  0.0390
 0.4384  0.0513
 0.4196  0.0513
 0.0810  0.0541
 0.0887  0.0544
 0.0992  0.0604
 0.0914  0.0604
