# Digitized by GSYS2.4.2
# Date =  23.Aug.2017,  15:40:50
# Number of data = 173
# set xrange[0.0, 1.5]
# set yrange[0.0, 0.06] 
# MD5Fig : a47f8792460ee32a8d6dad6ba6832ef8
# Axis_X : 3fd46870d8159bc33fe52878edf545bb3fe8ef477208a14e3fe5378771bf8a46
# Axis_Y : 3fd46870d8159bc33fe52878edf545bb3fd488740b9ac2ad3fdeb084a1e3b7d5
#   x       y  
 1.3319  0.0001
 1.0187  0.0001
 1.2441  0.0001
 1.1014  0.0001
 1.1600  0.0002
 1.1753  0.0002
 0.9881  0.0002
 1.1918  0.0002
 1.0008  0.0002
 1.2173  0.0002
 1.0479  0.0002
 1.4401  0.0002
 1.1103  0.0002
 0.9282  0.0002
 1.1333  0.0002
 0.9512  0.0002
 1.1473  0.0002
 1.3599  0.0002
 1.4147  0.0003
 1.0378  0.0003
 1.2326  0.0003
 1.0861  0.0003
 1.3446  0.0003
 0.9741  0.0003
 1.0288  0.0003
 1.0594  0.0004
 1.1243  0.0004
 1.4197  0.0004
 1.4337  0.0004
 1.0708  0.0004
 1.0785  0.0004
 0.7996  0.0005
 0.8696  0.0005
 0.8747  0.0005
 0.9155  0.0005
 1.1141  0.0005
 0.9511  0.0005
 0.8582  0.0006
 0.9218  0.0006
 0.9282  0.0006
 1.4261  0.0007
 0.8505  0.0007
 0.9651  0.0007
 0.8060  0.0007
 0.8136  0.0007
 0.8251  0.0007
 0.8378  0.0007
 0.9562  0.0008
 0.8836  0.0008
 0.9116  0.0008
 0.8900  0.0009
 0.8938  0.0011
 0.9027  0.0011
 0.7270  0.0011
 0.7117  0.0012
 0.7206  0.0012
 0.6493  0.0014
 0.7982  0.0015
 0.6391  0.0016
 0.6620  0.0016
 0.6734  0.0016
 0.6556  0.0017
 0.6862  0.0017
 0.7409  0.0017
 0.6454  0.0018
 0.6798  0.0018
 0.7078  0.0019
 0.7320  0.0019
 0.7867  0.0019
 0.6976  0.0019
 0.6899  0.0020
 0.7523  0.0020
 0.7765  0.0020
 0.6377  0.0021
 0.7638  0.0022
 0.6377  0.0024
 0.6198  0.0026
 0.6326  0.0026
 0.2058  0.0042
 0.1778  0.0044
 0.6171  0.0049
 0.1765  0.0049
 0.2070  0.0050
 0.2134  0.0050
 0.1675  0.0051
 0.5992  0.0051
 0.5278  0.0059
 0.5380  0.0062
 0.5481  0.0063
 0.5290  0.0064
 0.5660  0.0064
 0.3660  0.0068
 0.3469  0.0068
 0.1635  0.0068
 0.2170  0.0069
 0.1457  0.0070
 0.3520  0.0072
 0.2348  0.0074
 0.3659  0.0078
 0.5684  0.0079
 0.5773  0.0079
 0.3748  0.0080
 0.5963  0.0080
 0.2742  0.0081
 0.2653  0.0081
 0.1430  0.0083
 0.5874  0.0083
 0.4881  0.0085
 0.4957  0.0085
 0.1277  0.0085
 0.3760  0.0086
 0.3862  0.0088
 0.2550  0.0090
 0.2639  0.0090
 0.4969  0.0091
 0.3454  0.0092
 0.3250  0.0093
 0.5771  0.0093
 0.5860  0.0093
 0.5058  0.0093
 0.0257  0.0098
 0.0091  0.0098
 0.0308  0.0100
 0.0371  0.0104
 0.0447  0.0106
 0.0052  0.0113
 0.2738  0.0116
 0.0484  0.0117
 0.2827  0.0118
 0.0573  0.0119
 0.5067  0.0125
 0.5258  0.0126
 0.2368  0.0128
 0.2508  0.0129
 0.3246  0.0132
 0.3131  0.0136
 0.0571  0.0137
 0.3054  0.0137
 0.0673  0.0139
 0.3041  0.0144
 0.2977  0.0145
 0.2837  0.0147
 0.2900  0.0149
 0.1244  0.0158
 0.3854  0.0160
 0.1154  0.0161
 0.3956  0.0162
 0.4769  0.0179
 0.4858  0.0179
 0.1165  0.0184
 0.1063  0.0186
 0.4685  0.0249
 0.4774  0.0249
 0.4671  0.0260
 0.4556  0.0261
 0.4554  0.0280
 0.4465  0.0282
 0.3980  0.0289
 0.4056  0.0292
 0.4361  0.0305
 0.4450  0.0305
 0.4054  0.0317
 0.4156  0.0319
 0.0689  0.0348
 0.0752  0.0351
 0.1067  0.0389
 0.0990  0.0390
 0.4199  0.0513
 0.4377  0.0513
 0.0796  0.0541
 0.0885  0.0544
 0.0904  0.0604
 0.0993  0.0604
